chr	start	end	transcript_id	strand	number_of_exons	coordinates	length1	total_length	bin
chr18	3281727	3281747	uc008dxk.3_5utr	-	1	0,	20	20	1
chr18	3281727	3281747	uc008dxl.3_5utr	-	1	0,	20	20	1
chr18	3299452	3299556	uc008dxv.3_5utr	-	1	0,	104	104	5
chr18	3299452	3299556	uc008dxm.3_5utr	-	1	0,	104	104	5
chr18	3309723	3327591	uc008dxu.2_5utr	-	4	0,131,15637,17770,	32,133,118,98	381	19
chr18	3325474	3337589	uc008dxx.2_5utr	-	2	0,11905,	4,210	214	11
chr18	3325474	3337589	uc008dxw.2_5utr	-	2	0,11905,	4,210	214	11
chr18	3327537	3327591	uc033hfq.1_5utr	-	1	0,	54	54	3
chr18	3327537	3327591	uc008dxr.2_5utr	-	1	0,	54	54	3
chr18	3327537	3327591	uc033hfn.1_5utr	-	1	0,	54	54	3
chr18	3327537	3327591	uc033hfo.1_5utr	-	1	0,	54	54	3
chr18	3327537	3327591	uc033hfs.1_5utr	-	1	0,	54	54	3
chr18	3327537	3327591	uc033hfp.1_5utr	-	1	0,	54	54	3
chr18	3327537	3327591	uc033hfr.1_5utr	-	1	0,	54	54	3
chr18	3327537	3327591	uc008dxq.2_5utr	-	1	0,	54	54	3
chr18	3327537	3327591	uc008dxs.2_5utr	-	1	0,	54	54	3
chr18	3327537	3327591	uc008dxp.2_5utr	-	1	0,	54	54	3
chr18	3383030	3399867	uc008dxz.2_5utr	+	2	0,16815,	142,22	164	8
chr18	3383224	3399867	uc008dya.2_5utr	+	2	0,16621,	173,22	195	10
chr18	3383224	3399952	uc008dyb.2_5utr	+	2	0,16621,	173,107	280	14
chr18	3507956	3508209	uc008dyc.1_5utr	+	1	0,	253	253	13
chr18	4165831	4168521	uc008dyd.1_5utr	+	2	0,2665,	116,25	141	7
chr18	4349002	4352953	uc012ayx.1_5utr	-	2	0,3849,	336,102	438	22
chr18	4349316	4352953	uc008dye.1_5utr	-	2	0,3535,	22,102	124	6
chr18	4349316	4352953	uc008dyf.1_5utr	-	2	0,3535,	22,102	124	6
chr18	4375591	4375621	uc008dyh.1_5utr	+	1	0,	30	30	2
chr18	4375591	4375621	uc008dyi.1_5utr	+	1	0,	30	30	2
chr18	4375591	4383368	uc008dyj.1_5utr	+	4	0,3977,5081,7597,	187,173,215,180	755	38
chr18	4375591	4383368	uc008dyk.1_5utr	+	4	0,3977,5062,7593,	187,173,234,184	778	39
chr18	4375603	4375621	uc056zfp.1_5utr	+	1	0,	18	18	1
chr18	4634928	4649130	uc008dyl.1_5utr	+	2	0,14146,	103,56	159	8
chr18	4649067	4649130	uc012ayy.1_5utr	+	1	0,	63	63	3
chr18	4920539	5046638	uc008dyn.2_5utr	+	4	0,116568,119608,126049,	335,58,92,50	535	27
chr18	4920539	5046638	uc008dyo.2_5utr	+	4	0,50550,116568,126049,	335,108,58,50	551	28
chr18	4971089	5046638	uc008dyp.2_5utr	+	4	0,66018,69058,75499,	108,58,92,50	308	15
chr18	5046588	5046638	uc012aza.1_5utr	+	1	0,	50	50	2
chr18	5046588	5046638	uc008dyr.2_5utr	+	1	0,	50	50	2
chr18	5114280	5114643	uc008dys.2_5utr	+	1	0,	363	363	18
chr18	5245422	5334439	uc008dyt.2_5utr	-	3	0,43438,88923,	31,78,94	203	10
chr18	5591859	5591909	uc008dyx.2_5utr	+	1	0,	50	50	2
chr18	5591859	5591909	uc008dyy.2_5utr	+	1	0,	50	50	2
chr18	5594202	5705152	uc008dyz.1_5utr	+	2	0,110840,	270,110	380	19
chr18	6039395	6061972	uc008dzb.1_5utr	-	6	0,9881,13466,17583,18121,22451,	60,82,62,15,75,126	420	21
chr18	6112362	6135955	uc008dze.1_5utr	-	3	0,3451,23455,	77,37,138	252	13
chr18	6112362	6136098	uc008dzd.1_5utr	-	3	0,3451,23441,	77,37,295	409	20
chr18	6112362	6136098	uc008dzc.1_5utr	-	3	0,3451,23441,	77,37,295	409	20
chr18	6223664	6224075	uc008dzg.1_5utr	-	2	0,306,	27,105	132	7
chr18	6241107	6241524	uc008dzf.2_5utr	-	1	0,	417	417	21
chr18	6490615	6490857	uc008dzi.2_5utr	-	1	0,	242	242	12
chr18	6490615	6490857	uc008dzl.2_5utr	-	1	0,	242	242	12
chr18	6515867	6516108	uc008dzj.2_5utr	-	1	0,	241	241	12
chr18	6603632	6619378	uc012azc.1_5utr	+	2	0,15674,	44,72	116	6
chr18	6603632	6619378	uc008dzm.2_5utr	+	2	0,15674,	44,72	116	6
chr18	6765166	6765264	uc033hft.1_5utr	+	1	0,	98	98	5
chr18	6765166	6765264	uc008dzo.2_5utr	+	1	0,	98	98	5
chr18	7002544	7004779	uc008dzp.2_5utr	-	2	0,2077,	79,158	237	12
chr18	7294611	7297932	uc008dzr.2_5utr	-	3	0,2339,3296,	13,107,25	145	7
chr18	7294611	7297901	uc008dzq.1_5utr	-	3	0,2339,3268,	13,107,22	142	7
chr18	7561762	7626863	uc008dzt.1_5utr	-	2	0,64970,	110,131	241	12
chr18	7561762	7626859	uc008dzu.1_5utr	-	2	0,64966,	110,131	241	12
chr18	7561762	7626863	uc008eaa.1_5utr	-	2	0,64970,	110,131	241	12
chr18	7561762	7626859	uc008dzx.1_5utr	-	2	0,64966,	110,131	241	12
chr18	7561762	7626863	uc008dzs.2_5utr	-	2	0,64970,	110,131	241	12
chr18	7561762	7626863	uc008dzv.1_5utr	-	2	0,64970,	110,131	241	12
chr18	7561762	7626859	uc008dzz.1_5utr	-	2	0,64966,	110,131	241	12
chr18	7561762	7626859	uc008dzy.1_5utr	-	2	0,64966,	110,131	241	12
chr18	7868831	7871605	uc008eac.3_5utr	+	3	0,1159,2717,	260,37,57	354	18
chr18	7868831	7871605	uc008eab.3_5utr	+	3	0,1159,2717,	260,37,57	354	18
chr18	7869196	7869574	uc008ead.3_5utr	+	1	0,	378	378	19
chr18	7869196	7869574	uc008eae.3_5utr	+	1	0,	378	378	19
chr18	7869715	7871605	uc008eaf.1_5utr	+	3	0,275,1833,	174,37,57	268	13
chr18	9212855	9212919	uc008eag.2_5utr	+	1	0,	64	64	3
chr18	9282618	9282809	uc008eah.1_5utr	-	1	0,	191	191	10
chr18	9449671	9450150	uc008eai.1_5utr	-	1	0,	479	479	24
chr18	9449671	9450150	uc012azd.1_5utr	-	1	0,	479	479	24
chr18	9619419	9619469	uc012aze.1_5utr	-	1	0,	50	50	2
chr18	9707647	9707752	uc008eak.2_5utr	+	1	0,	105	105	5
chr18	9958179	9958192	uc008eal.1_5utr	+	1	0,	13	13	1
chr18	9963803	9986594	uc008eam.1_5utr	+	7	0,4947,6451,11795,14043,20630,22485,	115,83,74,109,132,101,306	920	46
chr18	10029928	10030149	uc008eap.1_5utr	-	1	0,	221	221	11
chr18	10029928	10030149	uc008eao.1_5utr	-	1	0,	221	221	11
chr18	10029928	10030149	uc008ean.1_5utr	-	1	0,	221	221	11
chr18	10181317	10181792	uc008eaq.1_5utr	-	1	0,	475	475	24
chr18	10181317	10181792	uc008ear.1_5utr	-	1	0,	475	475	24
chr18	10325178	10458224	uc008eas.1_5utr	+	3	0,124751,133043,	111,107,3	221	11
chr18	10325178	10458224	uc008eat.1_5utr	+	3	0,124751,133043,	111,107,3	221	11
chr18	10582138	10610352	uc008eaw.1_5utr	-	7	0,2109,3839,6300,13537,14200,27887,	48,115,64,112,200,103,327	969	48
chr18	10595284	10610352	uc008eav.1_5utr	-	3	0,1054,14741,	591,103,327	1021	51
chr18	10595754	10610352	uc008eax.1_5utr	-	3	0,584,14271,	121,103,327	551	28
chr18	10596380	10610352	uc008eay.1_5utr	-	2	0,13645,	61,327	388	19
chr18	10617795	10617912	uc008eaz.1_5utr	+	1	0,	117	117	6
chr18	10706691	10706696	uc008eba.1_5utr	-	1	0,	5	5	0
chr18	10725624	10726304	uc008ebc.1_5utr	+	1	0,	680	680	34
chr18	10725624	10726331	uc008ebb.1_5utr	+	1	0,	707	707	35
chr18	10760803	10768153	uc008ebd.1_5utr	+	3	0,2385,7320,	145,134,30	309	15
chr18	10798351	10798357	uc008ebf.1_5utr	+	1	0,	6	6	0
chr18	11052509	11054072	uc008ebk.1_5utr	+	2	0,1526,	234,37	271	14
chr18	11052509	11054072	uc008ebj.1_5utr	+	2	0,1526,	234,37	271	14
chr18	11633275	11720559	uc008ebm.1_5utr	+	9	0,27459,39306,59736,63467,72416,82458,85557,87234,	249,207,43,113,67,176,105,98,50	1108	55
chr18	11633275	11660832	uc008ebl.1_5utr	+	2	0,27459,	249,98	347	17
chr18	11657348	11660832	uc008ebo.2_5utr	+	2	0,3386,	344,98	442	22
chr18	11657348	11660832	uc008ebn.2_5utr	+	2	0,3386,	344,98	442	22
chr18	11839273	11839805	uc008ebr.2_5utr	+	1	0,	532	532	27
chr18	11839273	11839805	uc012azi.1_5utr	+	1	0,	532	532	27
chr18	12113433	12121537	uc012azk.2_5utr	-	3	0,4970,7947,	39,47,157	243	12
chr18	12121452	12121537	uc008ebv.3_5utr	-	1	0,	85	85	4
chr18	12121452	12121537	uc008ebw.2_5utr	-	1	0,	85	85	4
chr18	12121452	12121537	uc008ebx.2_5utr	-	1	0,	85	85	4
chr18	12128849	12128910	uc008eby.1_5utr	+	1	0,	61	61	3
chr18	12168729	12168800	uc008eca.1_5utr	+	1	0,	71	71	4
chr18	12168729	12168800	uc008ebz.1_5utr	+	1	0,	71	71	4
chr18	12236237	12236386	uc008ecc.1_5utr	-	1	0,	149	149	7
chr18	12236237	12236386	uc008ecb.1_5utr	-	1	0,	149	149	7
chr18	12305631	12305720	uc008ecd.2_5utr	-	1	0,	89	89	4
chr18	12504198	12504224	uc008ecg.1_5utr	+	1	0,	26	26	1
chr18	12504198	12504224	uc008ech.1_5utr	+	1	0,	26	26	1
chr18	12643532	12643885	uc008eci.2_5utr	+	1	0,	353	353	18
chr18	12643532	12643885	uc008ecj.2_5utr	+	1	0,	353	353	18
chr18	12741354	12744516	uc008ecn.1_5utr	+	2	0,3137,	47,25	72	4
chr18	12741354	12744516	uc008eck.1_5utr	+	2	0,3137,	47,25	72	4
chr18	12741354	12744516	uc008ecm.1_5utr	+	2	0,3137,	47,25	72	4
chr18	12741354	12744516	uc008eco.1_5utr	+	2	0,3137,	47,25	72	4
chr18	12741354	12744516	uc008ecl.1_5utr	+	2	0,3137,	47,25	72	4
chr18	12771415	12819661	uc012azn.2_5utr	-	4	0,2813,16904,48089,	18,97,76,157	348	17
chr18	12788376	12862713	uc012azm.2_5utr	-	2	0,73730,	19,607	626	31
chr18	12819566	12862713	uc008ecp.2_5utr	-	3	0,21617,42540,	95,163,607	865	43
chr18	12819566	12863380	uc008ect.2_5utr	-	3	0,21617,43576,	95,163,238	496	25
chr18	12819566	12860145	uc008ecw.1_5utr	-	3	0,21617,40418,	95,163,161	419	21
chr18	12819566	12862713	uc008ecr.2_5utr	-	3	0,21617,42540,	95,163,607	865	43
chr18	12819566	12862713	uc008ecs.2_5utr	-	2	0,42540,	95,607	702	35
chr18	12819566	12819907	uc008ecq.2_5utr	-	1	0,	341	341	17
chr18	12871182	12879979	uc008ecv.2_5utr	-	2	0,8540,	2,257	259	13
chr18	12882223	12889046	uc008ecx.1_5utr	-	2	0,6777,	54,46	100	5
chr18	12933700	12941841	uc008ecu.2_5utr	-	2	0,7931,	2,210	212	11
chr18	12933700	12941841	uc008ecz.2_5utr	-	2	0,7931,	2,210	212	11
chr18	12933700	12941841	uc008ecy.2_5utr	-	2	0,7931,	2,210	212	11
chr18	12972251	12972336	uc008eda.1_5utr	+	1	0,	85	85	4
chr18	13006989	13021792	uc012azp.1_5utr	+	2	0,14773,	253,30	283	14
chr18	13006989	13021792	uc012azo.1_5utr	+	4	0,8786,14070,14773,	253,164,89,30	536	27
chr18	13006989	13007049	uc008edb.1_5utr	+	1	0,	60	60	3
chr18	13971403	13971720	uc008edc.1_5utr	-	1	0,	317	317	16
chr18	13971403	13972733	uc008edd.2_5utr	-	2	0,1097,	1,233	234	12
chr18	14682735	14682914	uc008edh.1_5utr	-	1	0,	179	179	9
chr18	14682735	14682914	uc008edf.1_5utr	-	1	0,	179	179	9
chr18	14682735	14682914	uc008edi.1_5utr	-	1	0,	179	179	9
chr18	14682735	14682914	uc008ede.1_5utr	-	1	0,	179	179	9
chr18	14682735	14682914	uc008edg.1_5utr	-	1	0,	179	179	9
chr18	14706150	14706230	uc008edj.2_5utr	+	1	0,	80	80	4
chr18	14706150	14706230	uc012azs.1_5utr	+	1	0,	80	80	4
chr18	14706150	14721280	uc012azr.1_5utr	+	3	0,11962,15016,	182,71,114	367	18
chr18	14783244	14783594	uc008edl.2_5utr	+	1	0,	350	350	18
chr18	15063564	15063582	uc008edn.2_5utr	-	1	0,	18	18	1
chr18	15063564	15063582	uc008edp.2_5utr	-	1	0,	18	18	1
chr18	15151324	15151446	uc008edo.1_5utr	-	1	0,	122	122	6
chr18	15399968	15410982	uc012azv.1_5utr	-	4	0,8015,9309,10923,	34,105,130,91	360	18
chr18	15399968	15410982	uc012azy.1_5utr	-	2	0,10923,	34,91	125	6
chr18	15399968	15410982	uc008edt.2_5utr	-	3	0,9309,10923,	34,130,91	255	13
chr18	15399968	15410982	uc012azu.1_5utr	-	5	0,4212,8015,9309,10923,	34,184,105,130,91	544	27
chr18	15399968	15402999	uc008edr.2_5utr	-	2	0,2690,	34,341	375	19
chr18	15399968	15410982	uc012azx.1_5utr	-	3	0,4212,10923,	34,184,91	309	15
chr18	15399968	15409494	uc012azt.1_5utr	-	2	0,9309,	34,217	251	13
chr18	15399968	15410982	uc012azw.1_5utr	-	3	0,8015,10923,	34,105,91	230	12
chr18	15399968	15400172	uc008edq.2_5utr	-	1	0,	204	204	10
chr18	15403631	15403684	uc008eds.2_5utr	-	1	0,	53	53	3
chr18	15498113	15760157	uc008edw.1_5utr	-	4	0,115568,219794,261866,	57,39,217,178	491	25
chr18	15718007	15718124	uc008edv.1_5utr	-	1	0,	117	117	6
chr18	16808394	16809049	uc008edx.2_5utr	-	1	0,	655	655	33
chr18	20001925	20002097	uc008eea.2_5utr	-	1	0,	172	172	9
chr18	20001925	20002097	uc008eeb.1_5utr	-	1	0,	172	172	9
chr18	20038176	20038277	uc008eef.1_5utr	-	1	0,	101	101	5
chr18	20045520	20045570	uc008eec.1_5utr	-	1	0,	50	50	2
chr18	20048319	20059505	uc008eee.1_5utr	-	5	0,463,1686,2856,10864,	75,35,200,85,322	717	36
chr18	20059252	20059505	uc008eed.1_5utr	-	1	0,	253	253	13
chr18	20114556	20114773	uc008eeg.3_5utr	-	1	0,	217	217	11
chr18	20114556	20114773	uc008eei.2_5utr	-	1	0,	217	217	11
chr18	20114556	20114773	uc008eeh.3_5utr	-	1	0,	217	217	11
chr18	20247339	20247439	uc008eej.1_5utr	+	1	0,	100	100	5
chr18	20247339	20247439	uc008eek.1_5utr	+	1	0,	100	100	5
chr18	20310872	20311017	uc008eel.2_5utr	+	1	0,	145	145	7
chr18	20376834	20376934	uc008eem.1_5utr	+	1	0,	100	100	5
chr18	20436174	20436308	uc008een.1_5utr	+	1	0,	134	134	7
chr18	20454656	20454842	uc008eeo.1_5utr	+	1	0,	186	186	9
chr18	20510303	20510374	uc008eep.1_5utr	+	1	0,	71	71	4
chr18	20558115	20558284	uc008eer.1_5utr	+	1	0,	169	169	8
chr18	20558115	20558284	uc008ees.2_5utr	+	1	0,	169	169	8
chr18	20558115	20558284	uc008eeq.1_5utr	+	1	0,	169	169	8
chr18	20665249	20665438	uc008eet.2_5utr	+	1	0,	189	189	9
chr18	20745467	20746404	uc008eeu.2_5utr	-	1	0,	937	937	47
chr18	20855019	20856767	uc008eex.1_5utr	-	1	0,	1748	1748	87
chr18	20896067	20896078	uc012bad.1_5utr	-	1	0,	11	11	1
chr18	20896067	20896078	uc008eey.1_5utr	-	1	0,	11	11	1
chr18	20944624	20974413	uc008eez.1_5utr	+	2	0,29674,	133,115	248	12
chr18	20961471	20961636	uc008efa.1_5utr	+	1	0,	165	165	8
chr18	21001299	21002059	uc008efc.2_5utr	+	2	0,657,	241,103	344	17
chr18	21001299	21008874	uc012bae.2_5utr	+	3	0,657,7425,	241,213,150	604	30
chr18	21001956	21002059	uc056zfx.1_5utr	+	1	0,	103	103	5
chr18	21001956	21002059	uc008efd.2_5utr	+	1	0,	103	103	5
chr18	21072343	21072373	uc008eff.1_5utr	+	1	0,	30	30	2
chr18	21299770	21300139	uc008efg.1_5utr	-	1	0,	369	369	18
chr18	21299770	21300139	uc008efh.1_5utr	-	1	0,	369	369	18
chr18	21651564	21652774	uc033hfv.1_5utr	+	2	0,1142,	174,68	242	12
chr18	22150471	22171396	uc008efk.1_5utr	-	3	0,15982,20900,	23,83,25	131	7
chr18	22150471	22166536	uc012bag.1_5utr	-	3	0,4024,15982,	23,123,83	229	11
chr18	22150471	22171396	uc008efl.1_5utr	-	4	0,4024,15982,20900,	23,123,83,25	254	13
chr18	22150471	22166536	uc012baf.1_5utr	-	3	0,4017,15982,	23,130,83	236	12
chr18	22345088	22409951	uc008efm.2_5utr	+	4	0,30044,47555,64832,	78,83,213,31	405	20
chr18	22751947	22770942	uc008efn.2_5utr	-	2	0,18733,	93,262	355	18
chr18	22823319	22850754	uc008efo.2_5utr	-	2	0,27318,	251,117	368	18
chr18	22823319	22850754	uc008efp.2_5utr	-	2	0,27318,	251,117	368	18
chr18	23038602	23038663	uc008efq.2_5utr	-	1	0,	61	61	3
chr18	23040042	23041653	uc008efr.2_5utr	-	1	0,	1611	1611	81
chr18	23310019	23535162	uc008eft.2_5utr	+	3	0,165096,225142,	252,127,1	380	19
chr18	23310019	23535162	uc008efs.2_5utr	+	3	0,165096,225142,	252,127,1	380	19
chr18	23415408	23535162	uc008efx.2_5utr	+	4	0,59707,82073,119753,	217,127,222,1	567	28
chr18	23415408	23535162	uc008efv.2_5utr	+	3	0,59707,119753,	217,127,1	345	17
chr18	23415408	23535162	uc008efw.2_5utr	+	3	0,59707,119753,	217,127,1	345	17
chr18	23415408	23535162	uc008efu.2_5utr	+	3	0,59707,119753,	217,127,1	345	17
chr18	23415408	23535162	uc008efy.2_5utr	+	3	0,59707,119753,	217,127,1	345	17
chr18	23497481	23535162	uc033hfx.1_5utr	+	2	0,37680,	222,1	223	11
chr18	23497481	23535162	uc008efz.2_5utr	+	2	0,37680,	222,1	223	11
chr18	23497481	23535162	uc008ega.2_5utr	+	2	0,37680,	222,1	223	11
chr18	23621957	23631359	uc008egc.2_5utr	+	3	0,3124,9374,	107,114,28	249	12
chr18	23752332	23832859	uc008egd.1_5utr	+	3	0,20271,80520,	88,56,7	151	8
chr18	23752332	23832859	uc012bah.1_5utr	+	3	0,20271,80520,	88,56,7	151	8
chr18	23753724	23753833	uc008ege.2_5utr	+	1	0,	109	109	5
chr18	23803969	23804102	uc008egf.2_5utr	+	1	0,	133	133	7
chr18	23954687	23956439	uc008egh.1_5utr	+	2	0,1651,	174,101	275	14
chr18	23989633	23990341	uc008egk.1_5utr	+	2	0,544,	98,164	262	13
chr18	24018087	24020320	uc008egm.1_5utr	-	2	0,2130,	81,103	184	9
chr18	24018087	24020771	uc008egn.1_5utr	-	2	0,2624,	81,60	141	7
chr18	24121801	24121819	uc008egp.1_5utr	-	1	0,	18	18	1
chr18	24121801	24121819	uc008ego.1_5utr	-	1	0,	18	18	1
chr18	24205343	24238346	uc008egq.2_5utr	+	3	0,27255,32898,	175,55,105	335	17
chr18	24205993	24238346	uc008egr.2_5utr	+	3	0,26605,32248,	87,55,105	247	12
chr18	24470870	24470903	uc008egt.1_5utr	+	1	0,	33	33	2
chr18	24530066	24530204	uc008egu.1_5utr	-	1	0,	138	138	7
chr18	24601630	24603817	uc008egv.1_5utr	-	2	0,1656,	9,531	540	27
chr18	24603960	24603994	uc008egw.1_5utr	+	1	0,	34	34	2
chr18	24603960	24603994	uc008egx.1_5utr	+	1	0,	34	34	2
chr18	24603960	24603994	uc012baj.1_5utr	+	1	0,	34	34	2
chr18	24653690	24653925	uc008egy.1_5utr	+	1	0,	235	235	12
chr18	24659975	24660063	uc008egz.1_5utr	+	1	0,	88	88	4
chr18	24708622	24709608	uc008ehc.2_5utr	+	1	0,	986	986	49
chr18	24708622	24709608	uc012bak.2_5utr	+	1	0,	986	986	49
chr18	24708622	24709608	uc008ehb.2_5utr	+	1	0,	986	986	49
chr18	25066216	25090112	uc008ehd.2_5utr	+	3	0,19117,23813,	209,176,83	468	23
chr18	25158264	25165965	uc012bam.1_5utr	-	2	0,7604,	59,97	156	8
chr18	25168608	25168877	uc012bal.1_5utr	-	1	0,	269	269	13
chr18	25168608	25168877	uc008ehf.2_5utr	-	1	0,	269	269	13
chr18	25169019	25169031	uc008ehg.1_5utr	+	1	0,	12	12	1
chr18	25169019	25169031	uc008ehj.2_5utr	+	1	0,	12	12	1
chr18	25233914	25339749	uc008ehi.2_5utr	+	3	0,56032,105799,	117,120,36	273	14
chr18	25753627	25753983	uc012baq.1_5utr	-	1	0,	356	356	18
chr18	25753627	25753983	uc012bap.1_5utr	-	1	0,	356	356	18
chr18	25753627	25753983	uc012bao.1_5utr	-	1	0,	356	356	18
chr18	25753627	25753983	uc008ehl.2_5utr	-	1	0,	356	356	18
chr18	25753627	25753983	uc012ban.1_5utr	-	1	0,	356	356	18
chr18	25753627	25753983	uc008ehk.2_5utr	-	1	0,	356	356	18
chr18	30272895	30272950	uc008ehw.1_5utr	+	1	0,	55	55	3
chr18	31153881	31317128	uc012bas.1_5utr	-	3	0,89239,162959,	15,57,288	360	18
chr18	31316943	31317128	uc008ehx.1_5utr	-	1	0,	185	185	9
chr18	31447167	31447415	uc008ehy.1_5utr	-	1	0,	248	248	12
chr18	31602746	31610528	uc008eia.1_5utr	-	4	0,3006,4475,7686,	54,58,43,96	251	13
chr18	31609811	31609902	uc008ehz.1_5utr	-	1	0,	91	91	5
chr18	31634382	31635987	uc008eic.1_5utr	+	2	0,1599,	107,6	113	6
chr18	31634382	31635987	uc008eid.1_5utr	+	2	0,1599,	107,6	113	6
chr18	31634382	31666479	uc008eib.1_5utr	+	8	0,1599,12658,13751,15162,16108,19119,31980,	107,118,236,159,112,125,125,117	1099	55
chr18	31674354	31674473	uc008eie.1_5utr	+	1	0,	119	119	6
chr18	31759823	31771707	uc008eig.2_5utr	+	3	0,1956,11846,	371,111,38	520	26
chr18	31759823	31771707	uc008eif.2_5utr	+	3	0,1956,11846,	371,111,38	520	26
chr18	31760615	31761114	uc008eih.2_5utr	+	1	0,	499	499	25
chr18	31760615	31761114	uc008eii.2_5utr	+	1	0,	499	499	25
chr18	31761779	31771707	uc008eij.2_5utr	+	2	0,9890,	111,38	149	7
chr18	31774228	31774305	uc008eik.2_5utr	+	1	0,	77	77	4
chr18	31789158	31789171	uc008eim.2_5utr	+	1	0,	13	13	1
chr18	31804056	31827284	uc008eis.2_5utr	+	2	0,23205,	198,23	221	11
chr18	31804056	31827284	uc008eiq.2_5utr	+	2	0,23205,	198,23	221	11
chr18	31804056	31827284	uc008eio.2_5utr	+	2	0,23205,	198,23	221	11
chr18	31804056	31827284	uc008eip.2_5utr	+	2	0,23205,	198,23	221	11
chr18	31804056	31827284	uc008ein.2_5utr	+	2	0,23205,	198,23	221	11
chr18	31886016	31886054	uc008eit.1_5utr	+	1	0,	38	38	2
chr18	31887696	31887702	uc012bat.1_5utr	+	1	0,	6	6	0
chr18	31911238	31911903	uc008eiu.2_5utr	-	1	0,	665	665	33
chr18	31931506	31931539	uc008eiv.1_5utr	+	1	0,	33	33	2
chr18	31948008	31949636	uc008eiw.2_5utr	-	2	0,1452,	7,176	183	9
chr18	32021552	32036931	uc008eix.2_5utr	-	2	0,15320,	23,59	82	4
chr18	32067733	32068005	uc008eiy.2_5utr	+	1	0,	272	272	14
chr18	32135930	32138205	uc029tmd.1_5utr	-	2	0,2198,	21,77	98	5
chr18	32135930	32139570	uc008ejb.1_5utr	-	2	0,3579,	21,61	82	4
chr18	32137552	32138205	uc008eiz.1_5utr	-	2	0,576,	58,77	135	7
chr18	32138174	32138205	uc008eja.1_5utr	-	1	0,	31	31	2
chr18	32163088	32191966	uc008ejc.1_5utr	+	2	0,28812,	462,66	528	26
chr18	32163088	32191966	uc008ejd.2_5utr	+	2	0,28812,	462,66	528	26
chr18	32240330	32240393	uc008eje.1_5utr	+	1	0,	63	63	3
chr18	32240330	32245859	uc008ejf.1_5utr	+	5	0,299,2633,4468,5158,	91,206,237,50,371	955	48
chr18	32377216	32377406	uc008ejj.1_5utr	+	1	0,	190	190	10
chr18	32377216	32377406	uc008eji.1_5utr	+	1	0,	190	190	10
chr18	32377216	32377406	uc008ejh.1_5utr	+	1	0,	190	190	10
chr18	32559825	32560034	uc008ejk.1_5utr	-	1	0,	209	209	10
chr18	32815382	32815399	uc008ejl.2_5utr	+	1	0,	17	17	1
chr18	32837224	32837387	uc008ejn.2_5utr	+	1	0,	163	163	8
chr18	32837224	32837387	uc012bau.1_5utr	+	1	0,	163	163	8
chr18	32837224	32837387	uc008ejo.2_5utr	+	1	0,	163	163	8
chr18	32837224	32837387	uc008ejm.2_5utr	+	1	0,	163	163	8
chr18	32853106	32854818	uc008ejp.2_5utr	+	1	0,	1712	1712	86
chr18	32939040	32939395	uc008ejq.2_5utr	+	1	0,	355	355	18
chr18	33213671	33213816	uc008ejr.1_5utr	-	1	0,	145	145	7
chr18	33213671	33213816	uc008ejs.1_5utr	-	1	0,	145	145	7
chr18	33462023	33463634	uc008ejt.2_5utr	-	2	0,1354,	64,257	321	16
chr18	33462023	33463699	uc012bav.2_5utr	-	3	0,1354,1576,	64,42,100	206	10
chr18	33462023	33463634	uc033hgb.1_5utr	-	3	0,1354,1522,	64,42,89	195	10
chr18	33462023	33464029	uc008eju.2_5utr	-	3	0,1354,1829,	64,42,177	283	14
chr18	33802604	33803098	uc008ejw.1_5utr	-	1	0,	494	494	25
chr18	33880208	34006422	uc008ejx.1_5utr	-	5	0,6142,11216,41621,125776,	57,79,52,105,438	731	37
chr18	33880208	34006543	uc008ekb.1_5utr	-	5	0,6142,11216,41621,125776,	57,79,52,105,559	852	43
chr18	34006083	34007206	uc008ejz.1_5utr	-	2	0,685,	339,438	777	39
chr18	34006083	34006543	uc008eka.1_5utr	-	1	0,	460	460	23
chr18	34006083	34006422	uc008ejy.1_5utr	-	1	0,	339	339	17
chr18	34220983	34261022	uc008ekd.1_5utr	+	2	0,40021,	293,18	311	16
chr18	34220983	34261022	uc008eke.2_5utr	+	2	0,40021,	293,18	311	16
chr18	34247693	34261022	uc008ekf.1_5utr	+	2	0,13311,	41,18	59	3
chr18	34331144	34331218	uc008ekg.2_5utr	+	1	0,	74	74	4
chr18	34373321	34373415	uc008eki.2_5utr	-	1	0,	94	94	5
chr18	34408488	34412691	uc008ekk.1_5utr	+	3	0,1321,4192,	179,102,11	292	15
chr18	34408488	34414465	uc012bax.1_5utr	+	2	0,5974,	179,3	182	9
chr18	34408488	34412691	uc008ekj.1_5utr	+	3	0,1321,4192,	179,102,11	292	15
chr18	34409422	34409466	uc008ekm.2_5utr	+	1	0,	44	44	2
chr18	34409422	34409466	uc012bay.1_5utr	+	1	0,	44	44	2
chr18	34409422	34409466	uc008ekl.1_5utr	+	1	0,	44	44	2
chr18	34448058	34448252	uc008ekn.1_5utr	-	1	0,	194	194	10
chr18	34498124	34506823	uc008eko.1_5utr	-	3	0,1561,8404,	35,167,295	497	25
chr18	34542327	34542368	uc008ekq.2_5utr	+	1	0,	41	41	2
chr18	34578686	34579106	uc008eks.1_5utr	-	2	0,390,	81,30	111	6
chr18	34596276	34597468	uc008eku.1_5utr	-	1	0,	1192	1192	60
chr18	34624556	34624863	uc008eky.2_5utr	-	1	0,	307	307	15
chr18	34624556	34624863	uc008ekx.2_5utr	-	1	0,	307	307	15
chr18	34624556	34624863	uc008ekz.2_5utr	-	1	0,	307	307	15
chr18	34624556	34624863	uc008ekw.2_5utr	-	1	0,	307	307	15
chr18	34624556	34624863	uc008ekv.2_5utr	-	1	0,	307	307	15
chr18	34624623	34625479	uc012bba.1_5utr	+	2	0,834,	229,22	251	13
chr18	34624935	34625479	uc008ela.2_5utr	+	2	0,522,	125,22	147	7
chr18	34625032	34625479	uc012bbb.1_5utr	+	2	0,425,	231,22	253	13
chr18	34651707	34651736	uc008elb.1_5utr	-	1	0,	29	29	1
chr18	34651707	34651736	uc012bbc.1_5utr	-	1	0,	29	29	1
chr18	34651707	34651736	uc008elc.1_5utr	-	1	0,	29	29	1
chr18	34651707	34651736	uc008eld.1_5utr	-	1	0,	29	29	1
chr18	34720220	34720387	uc008ele.2_5utr	-	1	0,	167	167	8
chr18	34744909	34751533	uc012bbd.2_5utr	-	7	0,2314,2700,4005,4607,5828,6404,	115,90,34,46,95,474,220	1074	54
chr18	34750928	34751533	uc008elf.2_5utr	-	3	0,185,385,	35,98,220	353	18
chr18	34758905	34762646	uc008eli.1_5utr	+	2	0,3589,	239,152	391	20
chr18	34759555	34762699	uc008ell.1_5utr	+	2	0,2939,	42,205	247	12
chr18	34759555	34762699	uc008elm.1_5utr	+	2	0,2939,	42,205	247	12
chr18	34759555	34762646	uc008elk.1_5utr	+	2	0,2939,	42,152	194	10
chr18	34777007	34777130	uc008elq.1_5utr	+	1	0,	123	123	6
chr18	34777007	34777130	uc008elo.1_5utr	+	1	0,	123	123	6
chr18	34840588	34840755	uc012bbe.2_5utr	+	1	0,	167	167	8
chr18	34840588	34840755	uc008elr.2_5utr	+	1	0,	167	167	8
chr18	34845786	34845983	uc008els.2_5utr	+	1	0,	197	197	10
chr18	34861206	34861488	uc008elt.1_5utr	+	1	0,	282	282	14
chr18	34931654	34932003	uc008elu.1_5utr	-	2	0,179,	18,170	188	9
chr18	34954250	34954351	uc008elv.2_5utr	-	1	0,	101	101	5
chr18	35118911	35152602	uc008ely.1_5utr	+	2	0,33689,	70,2	72	4
chr18	35214596	35215024	uc008ema.2_5utr	-	1	0,	428	428	21
chr18	35214919	35222112	uc008emb.1_5utr	+	2	0,7145,	492,48	540	27
chr18	35438371	35498925	uc008emc.2_5utr	-	2	0,60419,	9,135	144	7
chr18	35562157	35572023	uc008emg.2_5utr	+	2	0,9685,	135,181	316	16
chr18	35562274	35572023	uc008emh.2_5utr	+	2	0,9568,	33,181	214	11
chr18	35598666	35610896	uc008emk.1_5utr	+	3	0,10071,12204,	93,82,26	201	10
chr18	35598666	35610896	uc008emj.1_5utr	+	2	0,12204,	93,26	119	6
chr18	35627137	35627227	uc008eml.2_5utr	-	1	0,	90	90	4
chr18	35649333	35649367	uc008emm.2_5utr	-	1	0,	34	34	2
chr18	35662016	35662186	uc008emp.2_5utr	-	1	0,	170	170	8
chr18	35662128	35662186	uc008emo.2_5utr	-	1	0,	58	58	3
chr18	35662128	35662186	uc008emn.1_5utr	-	1	0,	58	58	3
chr18	35703065	35703144	uc008emq.2_5utr	-	1	0,	79	79	4
chr18	35721410	35721491	uc008emr.1_5utr	-	1	0,	81	81	4
chr18	35722349	35722351	uc012bbi.1_5utr	-	1	0,	2	2	0
chr18	35726988	35727087	uc008ems.1_5utr	+	1	0,	99	99	5
chr18	35739924	35740554	uc008emu.3_5utr	-	2	0,382,	90,248	338	17
chr18	35739924	35740554	uc008emt.3_5utr	-	2	0,382,	90,248	338	17
chr18	35740453	35740554	uc008emv.3_5utr	-	1	0,	101	101	5
chr18	35771558	35771988	uc012bbj.1_5utr	+	1	0,	430	430	22
chr18	35829817	35858547	uc008emx.1_5utr	+	2	0,28575,	169,155	324	16
chr18	35854690	35858547	uc008emy.1_5utr	+	2	0,3702,	92,155	247	12
chr18	35964829	35978323	uc008ena.3_5utr	+	2	0,13454,	390,40	430	22
chr18	35964829	35978323	uc008enb.3_5utr	+	2	0,13451,	390,43	433	22
chr18	36281161	36287161	uc008enh.2_5utr	+	2	0,5870,	388,130	518	26
chr18	36300100	36301182	uc033hge.1_5utr	+	1	0,	1082	1082	54
chr18	36348623	36366533	uc008enj.1_5utr	+	2	0,17891,	193,19	212	11
chr18	36348623	36366533	uc008eni.1_5utr	+	2	0,17891,	193,19	212	11
chr18	36454485	36454495	uc008enk.1_5utr	-	1	0,	10	10	0
chr18	36515513	36515805	uc008enm.2_5utr	-	1	0,	292	292	15
chr18	36515513	36515805	uc008enl.2_5utr	-	1	0,	292	292	15
chr18	36528151	36528186	uc012bbn.1_5utr	+	1	0,	35	35	2
chr18	36528151	36528186	uc008eno.1_5utr	+	1	0,	35	35	2
chr18	36528151	36528186	uc012bbm.1_5utr	+	1	0,	35	35	2
chr18	36528151	36531731	uc008enp.2_5utr	+	9	0,491,1064,1535,1721,2124,2562,2948,3526,	253,161,114,50,158,88,155,427,54	1460	73
chr18	36528151	36528186	uc008enn.1_5utr	+	1	0,	35	35	2
chr18	36528151	36528186	uc008enq.2_5utr	+	1	0,	35	35	2
chr18	36529215	36529307	uc012bbo.1_5utr	+	1	0,	92	92	5
chr18	36560602	36560737	uc008env.2_5utr	+	1	0,	135	135	7
chr18	36606192	36611832	uc008ent.1_5utr	+	2	0,5607,	23,33	56	3
chr18	36613832	36613844	uc008enu.1_5utr	+	1	0,	12	12	1
chr18	36647130	36647482	uc008enw.2_5utr	+	1	0,	352	352	18
chr18	36664059	36664199	uc008enx.2_5utr	+	1	0,	140	140	7
chr18	36668777	36670311	uc012bbp.1_5utr	-	2	0,1226,	71,308	379	19
chr18	36670308	36670311	uc012bbq.1_5utr	-	1	0,	3	3	0
chr18	36670308	36670311	uc008eny.2_5utr	-	1	0,	3	3	0
chr18	36679045	36679366	uc033hgf.1_5utr	-	1	0,	321	321	16
chr18	36679045	36679366	uc033hgg.1_5utr	-	1	0,	321	321	16
chr18	36679214	36682118	uc008eoc.1_5utr	+	3	0,1301,2313,	409,99,591	1099	55
chr18	36679214	36682118	uc008eob.1_5utr	+	4	0,1301,2313,2659,	409,99,238,245	991	50
chr18	36679214	36682118	uc008eod.1_5utr	+	4	0,1301,2313,2659,	409,99,173,245	926	46
chr18	36695623	36695925	uc008eoe.1_5utr	-	2	0,174,	36,128	164	8
chr18	36726491	36726815	uc008eof.2_5utr	-	1	0,	324	324	16
chr18	36735069	36735171	uc008eog.1_5utr	+	1	0,	102	102	5
chr18	36735069	36737493	uc008eoh.1_5utr	+	3	0,318,2387,	187,113,37	337	17
chr18	36735069	36735171	uc008eoi.1_5utr	+	1	0,	102	102	5
chr18	36744520	36744587	uc008eoj.2_5utr	-	1	0,	67	67	3
chr18	36744655	36749258	uc012bbs.1_5utr	+	5	0,955,2692,3508,3895,	133,67,93,60,708	1061	53
chr18	36744655	36744772	uc033hgh.1_5utr	+	1	0,	117	117	6
chr18	36760238	36760286	uc008eol.1_5utr	+	1	0,	48	48	2
chr18	36765663	36766214	uc008eom.1_5utr	-	2	0,479,	347,72	419	21
chr18	36766166	36766214	uc008eon.1_5utr	-	1	0,	48	48	2
chr18	36766166	36766214	uc008eoo.1_5utr	-	1	0,	48	48	2
chr18	36783100	36783205	uc008eoq.2_5utr	-	1	0,	105	105	5
chr18	36783100	36783205	uc008eop.2_5utr	-	1	0,	105	105	5
chr18	36783208	36783392	uc012bbt.2_5utr	+	1	0,	184	184	9
chr18	36783208	36783392	uc008eor.2_5utr	+	1	0,	184	184	9
chr18	36793922	36793941	uc008eos.1_5utr	+	1	0,	19	19	1
chr18	36920304	36920611	uc033hgi.1_5utr	+	1	0,	307	307	15
chr18	36939204	36939317	uc008eov.2_5utr	+	1	0,	113	113	6
chr18	36939204	36939317	uc012bbv.1_5utr	+	1	0,	113	113	6
chr18	36952647	36952765	uc008eoy.2_5utr	+	1	0,	118	118	6
chr18	36952647	36952765	uc008eox.3_5utr	+	1	0,	118	118	6
chr18	36967630	36967728	uc012bbw.2_5utr	+	1	0,	98	98	5
chr18	36967630	36967728	uc056zgg.1_5utr	+	1	0,	98	98	5
chr18	36967630	36967755	uc008epb.3_5utr	+	1	0,	125	125	6
chr18	36973801	36973923	uc008epc.3_5utr	+	1	0,	122	122	6
chr18	36973801	36973896	uc056zgh.1_5utr	+	1	0,	95	95	5
chr18	37294839	37294975	uc008epn.1_5utr	+	1	0,	136	136	7
chr18	37300798	37300982	uc008epo.1_5utr	+	1	0,	184	184	9
chr18	37307454	37307638	uc008epp.1_5utr	+	1	0,	184	184	9
chr18	37320380	37320568	uc008epq.1_5utr	+	1	0,	188	188	9
chr18	37341701	37341812	uc008eps.1_5utr	+	1	0,	111	111	6
chr18	37400854	37400954	uc008epu.1_5utr	+	1	0,	100	100	5
chr18	37411673	37411872	uc008epv.1_5utr	+	1	0,	199	199	10
chr18	37421417	37421618	uc008epw.1_5utr	+	1	0,	201	201	10
chr18	37435620	37435802	uc008epx.1_5utr	+	1	0,	182	182	9
chr18	37442516	37442570	uc008epy.1_5utr	+	1	0,	54	54	3
chr18	37447656	37447842	uc008epz.1_5utr	+	1	0,	186	186	9
chr18	37473545	37473716	uc008eqa.1_5utr	+	1	0,	171	171	9
chr18	37477767	37477988	uc008eqb.1_5utr	+	1	0,	221	221	11
chr18	37485020	37485158	uc008eqc.1_5utr	+	1	0,	138	138	7
chr18	37489464	37489618	uc008eqd.1_5utr	+	1	0,	154	154	8
chr18	37496997	37497153	uc008eqe.1_5utr	+	1	0,	156	156	8
chr18	37504263	37504422	uc008eqf.2_5utr	+	1	0,	159	159	8
chr18	37513651	37518480	uc012bby.2_5utr	+	1	0,	4829	4829	241
chr18	37638474	37638723	uc008eqh.2_5utr	-	1	0,	249	249	12
chr18	37643512	37644204	uc008eqi.2_5utr	-	2	0,432,	20,260	280	14
chr18	37674334	37674495	uc008eqn.1_5utr	+	1	0,	161	161	8
chr18	37689858	37689957	uc008eqq.1_5utr	+	1	0,	99	99	5
chr18	37714833	37714941	uc008eqt.1_5utr	+	1	0,	108	108	5
chr18	37725705	37725892	uc008eqv.1_5utr	+	1	0,	187	187	9
chr18	37736935	37737119	uc008eqx.1_5utr	+	1	0,	184	184	9
chr18	37742093	37742240	uc008eqy.1_5utr	+	1	0,	147	147	7
chr18	37755772	37755940	uc008erb.1_5utr	+	1	0,	168	168	8
chr18	37761800	37761878	uc008erc.2_5utr	+	1	0,	78	78	4
chr18	37765579	37766116	uc008erd.1_5utr	+	1	0,	537	537	27
chr18	37765772	37766116	uc056zgi.1_5utr	+	1	0,	344	344	17
chr18	37806409	37806547	uc008ere.1_5utr	+	1	0,	138	138	7
chr18	37815078	37815532	uc008erf.1_5utr	+	1	0,	454	454	23
chr18	37819545	37819674	uc008erg.1_5utr	+	1	0,	129	129	6
chr18	37935318	37935411	uc033hgl.1_5utr	-	1	0,	93	93	5
chr18	37935318	37935411	uc033hgk.1_5utr	-	1	0,	93	93	5
chr18	37935318	37935411	uc008erk.1_5utr	-	1	0,	93	93	5
chr18	37954913	37954988	uc008erl.1_5utr	-	1	0,	75	75	4
chr18	37955558	37956383	uc008ern.2_5utr	+	2	0,769,	351,56	407	20
chr18	37955558	37956383	uc008erm.2_5utr	+	2	0,769,	351,56	407	20
chr18	37969726	37969731	uc008ero.1_5utr	-	1	0,	5	5	0
chr18	37974430	37975956	uc012bcc.1_5utr	-	4	0,956,1085,1392,	251,36,83,134	504	25
chr18	37989179	37997574	uc012bcd.1_5utr	-	12	0,183,506,696,1522,1788,2148,2359,7029,7239,7406,8353,	15,183,86,743,185,121,70,192,112,62,538,42	2349	117
chr18	37996872	37998969	uc008err.3_5utr	-	2	0,1823,	219,274	493	25
chr18	37997106	37997574	uc008erq.2_5utr	-	2	0,426,	17,42	59	3
chr18	37997106	37997555	uc008ers.1_5utr	-	1	0,	449	449	22
chr18	38197608	38197806	uc008ert.1_5utr	-	1	0,	198	198	10
chr18	38203580	38209762	uc008eru.1_5utr	-	2	0,5978,	26,204	230	12
chr18	38250248	38250368	uc008erz.2_5utr	+	1	0,	120	120	6
chr18	38250248	38250368	uc008ery.2_5utr	+	1	0,	120	120	6
chr18	38250248	38250368	uc008erx.2_5utr	+	1	0,	120	120	6
chr18	38269170	38277957	uc008esa.1_5utr	-	3	0,6145,8657,	41,155,130	326	16
chr18	38269170	38284402	uc008esc.1_5utr	-	4	0,6145,8657,14906,	41,155,101,326	623	31
chr18	38284070	38284401	uc008esb.1_5utr	-	1	0,	331	331	17
chr18	38296634	38300436	uc008esd.2_5utr	+	3	0,3119,3794,	164,173,8	345	17
chr18	38296634	38307936	uc008esg.2_5utr	+	4	0,3119,3794,11230,	164,173,162,72	571	29
chr18	38296634	38300436	uc008esf.2_5utr	+	4	0,865,3119,3794,	164,76,173,8	421	21
chr18	38296634	38300436	uc008ese.2_5utr	+	3	0,3119,3794,	164,173,8	345	17
chr18	38296804	38300436	uc008esh.2_5utr	+	4	0,695,2949,3624,	401,76,173,8	658	33
chr18	38338214	38338993	uc008esi.2_5utr	-	2	0,693,	8,86	94	5
chr18	38418974	38419113	uc008esj.1_5utr	+	1	0,	139	139	7
chr18	38418974	38419113	uc008esk.1_5utr	+	1	0,	139	139	7
chr18	38590708	38601268	uc008esl.1_5utr	-	2	0,10461,	47,99	146	7
chr18	38601533	38601623	uc008esm.1_5utr	+	1	0,	90	90	4
chr18	38858714	38866747	uc008esn.1_5utr	-	2	0,7836,	34,197	231	12
chr18	38858714	38918699	uc008eso.1_5utr	-	2	0,59832,	34,153	187	9
chr18	38892455	38892716	uc008esp.2_5utr	+	2	0,229,	115,32	147	7
chr18	38993144	38993475	uc008esq.1_5utr	+	1	0,	331	331	17
chr18	38993144	38993475	uc008esr.1_5utr	+	1	0,	331	331	17
chr18	38993144	38993475	uc008est.2_5utr	+	1	0,	331	331	17
chr18	39227367	39229961	uc008ess.1_5utr	+	2	0,2523,	66,71	137	7
chr18	39383228	39389425	uc008esw.1_5utr	-	2	0,6070,	53,127	180	9
chr18	39487232	39489776	uc008esz.1_5utr	-	2	0,2244,	13,300	313	16
chr18	39487232	39489846	uc008eta.1_5utr	-	2	0,2512,	13,102	115	6
chr18	39487232	39487245	uc008esx.1_5utr	-	1	0,	13	13	1
chr18	39487232	39487245	uc012bcg.1_5utr	-	1	0,	13	13	1
chr18	39487232	39490674	uc008etb.1_5utr	-	2	0,3335,	13,107	120	6
chr18	39487232	39487245	uc008esy.1_5utr	-	1	0,	13	13	1
chr18	39773496	39773683	uc008etc.1_5utr	+	1	0,	187	187	9
chr18	40218855	40219399	uc008etd.1_5utr	-	2	0,372,	10,172	182	9
chr18	40256961	40256975	uc029tmn.1_5utr	+	1	0,	14	14	1
chr18	41951175	41951194	uc008eti.1_5utr	-	1	0,	19	19	1
chr18	41951175	41951194	uc012bci.1_5utr	-	1	0,	19	19	1
chr18	41999002	41999049	uc008etj.1_5utr	-	1	0,	47	47	2
chr18	42053709	42053817	uc008etk.2_5utr	+	1	0,	108	108	5
chr18	42053709	42053817	uc008etl.2_5utr	+	1	0,	108	108	5
chr18	42196624	42196709	uc008etm.2_5utr	-	1	0,	85	85	4
chr18	42196624	42196709	uc008etn.2_5utr	-	1	0,	85	85	4
chr18	42261966	42262071	uc008etp.1_5utr	-	1	0,	105	105	5
chr18	42275352	42275533	uc008etr.2_5utr	+	1	0,	181	181	9
chr18	42299120	42301808	uc008ets.1_5utr	+	3	0,1129,2602,	216,261,86	563	28
chr18	42300249	42301808	uc008ett.1_5utr	+	2	0,1473,	261,86	347	17
chr18	42301722	42301808	uc008etu.1_5utr	+	1	0,	86	86	4
chr18	42394596	42394642	uc008etv.2_5utr	+	1	0,	46	46	2
chr18	42511486	42511526	uc008etz.1_5utr	+	1	0,	40	40	2
chr18	42511486	42511526	uc008etw.2_5utr	+	1	0,	40	40	2
chr18	42511486	42511526	uc008etx.1_5utr	+	1	0,	40	40	2
chr18	42579611	42579652	uc008eua.1_5utr	-	1	0,	41	41	2
chr18	42898814	42899506	uc008eub.2_5utr	-	1	0,	692	692	35
chr18	43059240	43059471	uc008euc.2_5utr	-	1	0,	231	231	12
chr18	43207696	43211987	uc008eue.1_5utr	+	2	0,4194,	144,97	241	12
chr18	43207696	43211987	uc012bcj.1_5utr	+	2	0,4194,	144,97	241	12
chr18	43373098	43373272	uc008eug.3_5utr	-	1	0,	174	174	9
chr18	43393028	43393377	uc008euh.3_5utr	-	1	0,	349	349	17
chr18	43438207	43438286	uc008eui.3_5utr	-	1	0,	79	79	4
chr18	43590676	43687773	uc008euk.2_5utr	-	2	0,96776,	150,321	471	24
chr18	43737149	43737237	uc008eul.2_5utr	-	1	0,	88	88	4
chr18	43764300	43764417	uc012bck.2_5utr	+	1	0,	117	117	6
chr18	43764300	43764417	uc008eum.2_5utr	+	1	0,	117	117	6
chr18	43764300	43764417	uc008eun.2_5utr	+	1	0,	117	117	6
chr18	43792842	43792878	uc008euo.1_5utr	-	1	0,	36	36	2
chr18	43792842	43792878	uc012bcl.1_5utr	-	1	0,	36	36	2
chr18	43963240	43963305	uc008eup.1_5utr	+	1	0,	65	65	3
chr18	44027868	44028758	uc008euq.1_5utr	+	2	0,828,	27,62	89	4
chr18	44071392	44071468	uc008eur.1_5utr	+	1	0,	76	76	4
chr18	44071392	44071468	uc012bcm.1_5utr	+	1	0,	76	76	4
chr18	44104522	44104656	uc008eus.1_5utr	+	1	0,	134	134	7
chr18	44159303	44159885	uc033hgr.1_5utr	-	2	0,518,	22,64	86	4
chr18	44174592	44175073	uc008eut.1_5utr	-	2	0,437,	10,44	54	3
chr18	44270126	44275513	uc008euv.1_5utr	+	2	0,5215,	208,172	380	19
chr18	44334073	44336957	uc008euw.1_5utr	+	2	0,2693,	83,191	274	14
chr18	44380499	44380633	uc008eux.2_5utr	+	1	0,	134	134	7
chr18	44380499	44380633	uc033hgt.1_5utr	+	1	0,	134	134	7
chr18	44661754	44662266	uc008euy.1_5utr	-	1	0,	512	512	26
chr18	44812163	44812182	uc008euz.1_5utr	-	1	0,	19	19	1
chr18	44828664	44828686	uc008evb.2_5utr	+	1	0,	22	22	1
chr18	45268859	45559358	uc008evd.1_5utr	+	4	0,132174,289430,290491,	557,86,199,8	850	42
chr18	45559350	45559358	uc008evf.1_5utr	+	1	0,	8	8	0
chr18	45559350	45560153	uc008evg.1_5utr	+	1	0,	803	803	40
chr18	45559350	45559358	uc008eve.1_5utr	+	1	0,	8	8	0
chr18	46198540	46198818	uc012bcp.1_5utr	-	1	0,	278	278	14
chr18	46212364	46212607	uc008evi.2_5utr	-	1	0,	243	243	12
chr18	46280819	46280850	uc008evk.1_5utr	-	1	0,	31	31	2
chr18	46280819	46280850	uc008evl.1_5utr	-	1	0,	31	31	2
chr18	46311810	46311928	uc012bcr.1_5utr	-	1	0,	118	118	6
chr18	46465790	46465816	uc012bcs.1_5utr	-	1	0,	26	26	1
chr18	46524645	46525971	uc008evo.1_5utr	-	2	0,972,	184,354	538	27
chr18	46561018	46574533	uc008evp.2_5utr	-	3	0,11782,13196,	54,103,319	476	24
chr18	46597282	46597535	uc008evr.2_5utr	-	1	0,	253	253	13
chr18	46597282	46597535	uc008evq.2_5utr	-	1	0,	253	253	13
chr18	46597703	46607699	uc008evs.2_5utr	+	3	0,937,9800,	97,60,196	353	18
chr18	46728142	46728342	uc008evt.1_5utr	-	1	0,	200	200	10
chr18	46741546	46741579	uc008evu.1_5utr	-	1	0,	33	33	2
chr18	46741875	46742012	uc012bct.2_5utr	+	1	0,	137	137	7
chr18	46741875	46742012	uc008evw.2_5utr	+	1	0,	137	137	7
chr18	46741875	46742012	uc008evv.2_5utr	+	1	0,	137	137	7
chr18	46850038	46850191	uc012bcu.1_5utr	+	1	0,	153	153	8
chr18	46850038	46850191	uc008evx.1_5utr	+	1	0,	153	153	8
chr18	46921814	46926319	uc008evy.1_5utr	+	3	0,4167,4497,	78,108,8	194	10
chr18	46958875	46958887	uc008evz.1_5utr	+	1	0,	12	12	1
chr18	47306455	47368868	uc008ewc.1_5utr	-	2	0,61782,	38,631	669	33
chr18	47306455	47368868	uc008ewd.1_5utr	-	2	0,61782,	38,631	669	33
chr18	47306455	47368868	uc008ewa.1_5utr	-	2	0,61782,	38,631	669	33
chr18	47306455	47368868	uc008ewb.1_5utr	-	2	0,61782,	38,631	669	33
chr18	48045334	48046756	uc008ewh.1_5utr	+	2	0,1398,	111,24	135	7
chr18	49755538	49755601	uc008ewl.2_5utr	-	1	0,	63	63	3
chr18	49755538	49755601	uc012bcw.1_5utr	-	1	0,	63	63	3
chr18	49832996	49833089	uc008ewo.2_5utr	+	1	0,	93	93	5
chr18	49893218	49893226	uc008ewp.1_5utr	+	1	0,	8	8	0
chr18	49979426	49979625	uc012bcy.1_5utr	+	1	0,	199	199	10
chr18	49979426	49979625	uc008ewq.2_5utr	+	1	0,	199	199	10
chr18	50053281	50053546	uc008ewv.2_5utr	+	1	0,	265	265	13
chr18	50128200	50128351	uc008eww.2_5utr	+	1	0,	151	151	8
chr18	50278368	50281651	uc012bdb.1_5utr	+	3	0,2156,3122,	310,71,161	542	27
chr18	50278368	50278623	uc008ewx.1_5utr	+	1	0,	255	255	13
chr18	50278368	50278623	uc012bda.1_5utr	+	1	0,	255	255	13
chr18	50278368	50281651	uc012bcz.1_5utr	+	3	0,2156,3122,	310,71,161	542	27
chr18	50568660	50568699	uc008ewy.2_5utr	-	1	0,	39	39	2
chr18	51117897	51117930	uc008ewz.1_5utr	+	1	0,	33	33	2
chr18	52331535	52331613	uc008exc.2_5utr	+	1	0,	78	78	4
chr18	52465692	52465719	uc008exd.1_5utr	+	1	0,	27	27	1
chr18	52529329	52529721	uc033hgy.1_5utr	-	2	0,312,	37,80	117	6
chr18	52529329	52529867	uc008exf.2_5utr	-	2	0,501,	37,37	74	4
chr18	52529329	52529823	uc008exe.2_5utr	-	1	0,	494	494	25
chr18	52615914	52638276	uc008exi.2_5utr	+	2	0,22157,	171,205	376	19
chr18	52615914	52638276	uc008exh.2_5utr	+	4	0,7949,8807,22157,	171,123,127,205	626	31
chr18	52646219	52660396	uc008exj.1_5utr	+	3	0,10277,14171,	87,44,6	137	7
chr18	52646219	52660396	uc008exk.1_5utr	+	2	0,14171,	87,6	93	5
chr18	52693678	52693721	uc008exl.2_5utr	+	1	0,	43	43	2
chr18	52767810	52838009	uc008exm.2_5utr	+	2	0,70153,	140,46	186	9
chr18	52767810	52838009	uc008exn.2_5utr	+	2	0,70153,	140,46	186	9
chr18	52767810	52838009	uc012bdc.1_5utr	+	2	0,70153,	140,46	186	9
chr18	52768092	52838009	uc008exo.2_5utr	+	2	0,69871,	45,46	91	5
chr18	52768143	52838009	uc008exq.2_5utr	+	2	0,69820,	315,46	361	18
chr18	52768143	52838009	uc008exp.1_5utr	+	2	0,69820,	315,46	361	18
chr18	53176364	53176379	uc008exr.1_5utr	+	1	0,	15	15	1
chr18	53245661	53245792	uc008ext.1_5utr	+	1	0,	131	131	7
chr18	53245661	53245792	uc008exs.1_5utr	+	1	0,	131	131	7
chr18	53417956	53418007	uc008exu.1_5utr	-	1	0,	51	51	3
chr18	53464545	53464567	uc008exv.1_5utr	+	1	0,	22	22	1
chr18	53551593	53552066	uc008exw.1_5utr	+	2	0,453,	51,20	71	4
chr18	53744330	53744547	uc008exz.1_5utr	-	2	0,157,	17,60	77	4
chr18	53744330	53744547	uc008exy.1_5utr	-	2	0,157,	17,60	77	4
chr18	53862112	53895776	uc008eya.1_5utr	+	2	0,33418,	488,246	734	37
chr18	54895337	54895637	uc008eye.1_5utr	-	1	0,	300	300	15
chr18	54898487	54898649	uc008eyf.1_5utr	-	1	0,	162	162	8
chr18	54899588	54992591	uc008eyd.2_5utr	-	4	0,624,88022,92691,	31,88,1096,312	1527	76
chr18	54988513	54990180	uc008eyc.2_5utr	-	2	0,1314,	193,353	546	27
chr18	54988513	54992591	uc008eyg.1_5utr	-	2	0,3766,	193,312	505	25
chr18	56400336	56400453	uc008eyk.1_5utr	+	1	0,	117	117	6
chr18	56400336	56432274	uc008eyj.1_5utr	+	2	0,31782,	239,156	395	20
chr18	56432118	56432274	uc008eyl.1_5utr	+	1	0,	156	156	8
chr18	56469266	56469431	uc008eym.1_5utr	+	1	0,	165	165	8
chr18	56562140	56572939	uc008eyo.2_5utr	-	3	0,342,10704,	64,193,95	352	18
chr18	56562224	56562298	uc008eyn.2_5utr	-	1	0,	74	74	4
chr18	56562568	56562693	uc008eyp.2_5utr	+	1	0,	125	125	6
chr18	56572870	56573039	uc008eyq.2_5utr	+	1	0,	169	169	8
chr18	56588347	56588363	uc008eys.1_5utr	+	1	0,	16	16	1
chr18	56588347	56588363	uc008eyr.1_5utr	+	1	0,	16	16	1
chr18	56707812	56708112	uc012bdd.2_5utr	+	1	0,	300	300	15
chr18	56812019	56925548	uc008eyw.1_5utr	-	2	0,113287,	56,242	298	15
chr18	56812019	56925548	uc008eyv.1_5utr	-	2	0,113287,	56,242	298	15
chr18	56962511	56975379	uc008eyy.2_5utr	-	3	0,10872,12822,	7,101,46	154	8
chr18	56962511	56975321	uc008eyx.2_5utr	-	3	0,10872,12798,	7,101,12	120	6
chr18	57133089	57180485	uc008eyz.2_5utr	+	2	0,47379,	641,17	658	33
chr18	57142785	57180485	uc008eza.1_5utr	+	2	0,37683,	204,17	221	11
chr18	57354732	57362452	uc008ezb.2_5utr	+	2	0,7700,	159,20	179	9
chr18	57468485	57477112	uc008ezd.2_5utr	+	2	0,8528,	351,99	450	22
chr18	57533825	57533852	uc008ezh.2_5utr	+	1	0,	27	27	1
chr18	57533825	57533852	uc008ezg.2_5utr	+	1	0,	27	27	1
chr18	57878677	57878806	uc008ezm.2_5utr	+	1	0,	129	129	6
chr18	58076831	58080788	uc008ezo.1_5utr	-	3	0,3314,3892,	8,126,65	199	10
chr18	58209805	58209926	uc008ezn.1_5utr	-	1	0,	121	121	6
chr18	58556239	58556463	uc008ezp.1_5utr	+	1	0,	224	224	11
chr18	58659481	58659491	uc008ezq.1_5utr	+	1	0,	10	10	0
chr18	58836763	58836806	uc008ezs.1_5utr	+	1	0,	43	43	2
chr18	58836763	58836806	uc008ezr.1_5utr	+	1	0,	43	43	2
chr18	59062380	59066938	uc008ezu.2_5utr	+	3	0,3454,4548,	182,51,10	243	12
chr18	59062380	59062385	uc012bdg.1_5utr	+	1	0,	5	5	0
chr18	59062380	59062385	uc012bdh.1_5utr	+	1	0,	5	5	0
chr18	59062380	59066938	uc008ezt.2_5utr	+	3	0,3454,4529,	182,51,29	262	13
chr18	59175339	59175676	uc008ezv.1_5utr	+	1	0,	337	337	17
chr18	59175339	59175676	uc008ezw.1_5utr	+	1	0,	337	337	17
chr18	59175341	59175676	uc008ezx.1_5utr	+	1	0,	335	335	17
chr18	60212076	60245394	uc008ezy.2_5utr	+	3	0,479,33298,	93,109,20	222	11
chr18	60212076	60245394	uc012bdj.1_5utr	+	2	0,33298,	93,20	113	6
chr18	60271019	60273267	uc012bdk.1_5utr	-	2	0,2149,	20,99	119	6
chr18	60293379	60299846	uc008faa.2_5utr	+	2	0,6447,	107,20	127	6
chr18	60376028	60389811	uc008fac.2_5utr	+	2	0,13763,	102,20	122	6
chr18	60376028	60389811	uc008fad.2_5utr	+	3	0,6583,13763,	102,183,20	305	15
chr18	60439294	60441752	uc008faf.1_5utr	+	2	0,2439,	204,19	223	11
chr18	60475578	60501983	uc008fag.1_5utr	-	2	0,25814,	7,591	598	30
chr18	60526220	60526230	uc008fai.1_5utr	+	1	0,	10	10	0
chr18	60526220	60526230	uc008fak.1_5utr	+	1	0,	10	10	0
chr18	60526220	60526230	uc008faj.1_5utr	+	1	0,	10	10	0
chr18	60560785	60560825	uc008fam.1_5utr	+	1	0,	40	40	2
chr18	60560785	60560825	uc008fal.1_5utr	+	1	0,	40	40	2
chr18	60590246	60591716	uc012bdl.1_5utr	-	2	0,1445,	1,25	26	1
chr18	60596371	60600497	uc008fao.2_5utr	-	2	0,4023,	117,103	220	11
chr18	60604155	60610104	uc008far.2_5utr	-	2	0,5755,	335,194	529	26
chr18	60604155	60624305	uc008fas.2_5utr	-	3	0,5755,20015,	335,91,135	561	28
chr18	60604155	60624305	uc008fap.2_5utr	-	2	0,20015,	335,135	470	24
chr18	60629833	60630085	uc008faq.2_5utr	-	1	0,	252	252	13
chr18	60713235	60713632	uc008fat.1_5utr	-	1	0,	397	397	20
chr18	60713235	60733135	uc008fax.1_5utr	-	2	0,19772,	397,128	525	26
chr18	60713235	60748420	uc008fav.1_5utr	-	2	0,35075,	397,110	507	25
chr18	60713235	60727563	uc008faw.1_5utr	-	2	0,14245,	397,83	480	24
chr18	60713235	60748665	uc008fau.1_5utr	-	2	0,35265,	397,165	562	28
chr18	60774595	60776402	uc008fay.2_5utr	+	2	0,1805,	91,2	93	5
chr18	60803848	60803933	uc008fba.1_5utr	+	1	0,	85	85	4
chr18	60803848	60803933	uc008faz.1_5utr	+	1	0,	85	85	4
chr18	60848858	60848964	uc012bdn.1_5utr	-	1	0,	106	106	5
chr18	60848858	60848964	uc008fbb.2_5utr	-	1	0,	106	106	5
chr18	60848858	60848964	uc008fbc.2_5utr	-	1	0,	106	106	5
chr18	60925631	60925778	uc008fbg.2_5utr	+	1	0,	147	147	7
chr18	60925631	60925778	uc008fbf.1_5utr	+	1	0,	147	147	7
chr18	60963553	60963846	uc008fbh.2_5utr	+	1	0,	293	293	15
chr18	60963553	60963846	uc033hhl.1_5utr	+	1	0,	293	293	15
chr18	61014009	61014199	uc008fbi.1_5utr	-	1	0,	190	190	10
chr18	61036120	61036199	uc008fbj.2_5utr	-	1	0,	79	79	4
chr18	61045149	61060149	uc008fbk.2_5utr	+	2	0,14994,	423,6	429	21
chr18	61045149	61060149	uc008fbl.2_5utr	+	2	0,14994,	423,6	429	21
chr18	61065698	61065812	uc008fbm.2_5utr	+	1	0,	114	114	6
chr18	61105571	61105949	uc008fbn.1_5utr	+	2	0,209,	113,169	282	14
chr18	61105780	61105949	uc008fbo.1_5utr	+	1	0,	169	169	8
chr18	61105780	61105949	uc008fbp.1_5utr	+	1	0,	169	169	8
chr18	61172284	61177050	uc008fbr.1_5utr	-	2	0,4293,	2,473	475	24
chr18	61172284	61177050	uc008fbt.1_5utr	-	2	0,4293,	2,473	475	24
chr18	61172284	61177050	uc008fbq.1_5utr	-	2	0,4293,	2,473	475	24
chr18	61172284	61177050	uc008fbs.1_5utr	-	2	0,4293,	2,473	475	24
chr18	61202379	61211596	uc008fbu.1_5utr	-	3	0,1930,9018,	24,136,199	359	18
chr18	61220498	61220604	uc008fbv.1_5utr	+	1	0,	106	106	5
chr18	61400336	61400431	uc012bdq.1_5utr	-	1	0,	95	95	5
chr18	61400367	61400431	uc008fbx.1_5utr	-	1	0,	64	64	3
chr18	61523992	61536536	uc008fca.2_5utr	-	2	0,12398,	11,146	157	8
chr18	61555581	61555750	uc008fce.1_5utr	+	1	0,	169	169	8
chr18	61555581	61555750	uc008fcb.1_5utr	+	1	0,	169	169	8
chr18	61555581	61555750	uc008fcc.1_5utr	+	1	0,	169	169	8
chr18	61555581	61555750	uc008fcd.1_5utr	+	1	0,	169	169	8
chr18	61687914	61690270	uc008fck.1_5utr	+	2	0,2203,	127,153	280	14
chr18	61687934	61687983	uc008fcl.1_5utr	+	1	0,	49	49	2
chr18	61707581	61707635	uc008fcm.1_5utr	-	1	0,	54	54	3
chr18	61726299	61726331	uc008fco.1_5utr	-	1	0,	32	32	2
chr18	61743715	61786662	uc008fcr.1_5utr	-	7	0,3062,4980,13126,13936,14884,42860,	45,93,94,93,84,129,87	625	31
chr18	61786591	61786662	uc008fcq.1_5utr	-	1	0,	71	71	4
chr18	61911241	61911852	uc008fct.2_5utr	-	2	0,437,	90,174	264	13
chr18	61911241	61911824	uc012bds.1_5utr	-	1	0,	583	583	29
chr18	61953074	61953115	uc008fcv.1_5utr	+	1	0,	41	41	2
chr18	61953074	61953115	uc008fcu.1_5utr	+	1	0,	41	41	2
chr18	61988643	61989390	uc008fcw.1_5utr	+	1	0,	747	747	37
chr18	62179752	62179981	uc008fcy.2_5utr	-	1	0,	229	229	11
chr18	62180125	62180461	uc008fcz.1_5utr	+	1	0,	336	336	17
chr18	62324203	62341051	uc008fda.1_5utr	+	2	0,16801,	165,47	212	11
chr18	62341004	62341051	uc008fdb.1_5utr	+	1	0,	47	47	2
chr18	62341004	62341051	uc012bdu.1_5utr	+	1	0,	47	47	2
chr18	62341004	62341051	uc008fdc.1_5utr	+	1	0,	47	47	2
chr18	62345949	62345973	uc029tnf.1_5utr	+	1	0,	24	24	1
chr18	62345949	62345973	uc029tng.1_5utr	+	1	0,	24	24	1
chr18	62530794	62530826	uc008fde.1_5utr	-	1	0,	32	32	2
chr18	62541008	62548743	uc012bdv.1_5utr	-	2	0,7603,	38,132	170	8
chr18	62548910	62650859	uc008fdf.1_5utr	+	3	0,101360,101939,	174,61,10	245	12
chr18	62614986	62741387	uc012bdy.1_5utr	-	2	0,126110,	17,291	308	15
chr18	62922326	62922663	uc008fdl.1_5utr	+	1	0,	337	337	17
chr18	62952902	62953229	uc029tnh.2_5utr	+	1	0,	327	327	16
chr18	62977915	62977968	uc008fdp.2_5utr	+	1	0,	53	53	3
chr18	63027895	63027983	uc008fdt.1_5utr	-	1	0,	88	88	4
chr18	63145123	63145128	uc008fdv.1_5utr	-	1	0,	5	5	0
chr18	63386269	63387183	uc008fdw.1_5utr	-	1	0,	914	914	46
chr18	63386269	63387183	uc029tni.1_5utr	-	1	0,	914	914	46
chr18	63386269	63387183	uc012bea.2_5utr	-	1	0,	914	914	46
chr18	63692173	63692359	uc008fdx.1_5utr	-	1	0,	186	186	9
chr18	63692173	63692359	uc008fdy.1_5utr	-	1	0,	186	186	9
chr18	63708694	63720230	uc008feb.2_5utr	+	2	0,11523,	225,13	238	12
chr18	63708694	63720230	uc008fdz.2_5utr	+	2	0,11523,	225,13	238	12
chr18	63708694	63720230	uc008fea.2_5utr	+	2	0,11523,	225,13	238	12
chr18	63739063	63739112	uc056zgr.1_5utr	+	1	0,	49	49	2
chr18	64254358	64265471	uc008fed.1_5utr	+	3	0,2371,10734,	333,77,379	789	39
chr18	64340363	64340379	uc008fef.1_5utr	+	1	0,	16	16	1
chr18	64478739	64489066	uc008fei.1_5utr	-	2	0,10161,	31,166	197	10
chr18	64488967	64489066	uc008feh.1_5utr	-	1	0,	99	99	5
chr18	64488967	64489066	uc008fej.1_5utr	-	1	0,	99	99	5
chr18	64516458	64516557	uc008fel.2_5utr	-	1	0,	99	99	5
chr18	64516458	64516557	uc008fek.2_5utr	-	1	0,	99	99	5
chr18	64605378	64661000	uc008fem.1_5utr	-	2	0,55321,	22,301	323	16
chr18	64887755	64888047	uc012beb.1_5utr	+	1	0,	292	292	15
chr18	64889028	65155270	uc008fen.2_5utr	+	7	0,108319,185695,188669,190989,254767,266227,	22,74,82,39,54,51,15	337	17
chr18	64921128	64921135	uc008feo.1_5utr	+	1	0,	7	7	0
chr18	65023526	65155270	uc008fep.2_5utr	+	6	0,51197,54171,56491,120269,131729,	463,82,39,54,51,15	704	35
chr18	65023526	65155270	uc008feq.2_5utr	+	6	0,51197,54171,56491,120269,131729,	463,82,39,54,51,15	704	35
chr18	65023526	65155270	uc008fer.2_5utr	+	6	0,51197,54171,56491,120269,131729,	463,82,39,54,51,15	704	35
chr18	65025925	65155270	uc008fes.2_5utr	+	6	0,48798,51772,54092,117870,129334,	159,82,39,54,51,11	396	20
chr18	65051039	65155270	uc008fet.2_5utr	+	6	0,23684,26658,28978,92756,104216,	133,82,39,54,51,15	374	19
chr18	65378124	65393888	uc008feu.3_5utr	-	2	0,15509,	18,255	273	14
chr18	65430996	65431171	uc008fez.1_5utr	+	1	0,	175	175	9
chr18	65430996	65431171	uc008ffa.1_5utr	+	1	0,	175	175	9
chr18	65430996	65431171	uc008fey.1_5utr	+	1	0,	175	175	9
chr18	65430996	65431171	uc008fex.1_5utr	+	1	0,	175	175	9
chr18	65470337	65470390	uc008ffb.1_5utr	+	1	0,	53	53	3
chr18	65580229	65622997	uc008ffc.2_5utr	+	3	0,2667,42754,	281,110,14	405	20
chr18	65581741	65623003	uc008ffd.1_5utr	+	3	0,1155,41242,	157,110,20	287	14
chr18	65638749	65638770	uc008fff.2_5utr	+	1	0,	21	21	1
chr18	65698267	65698293	uc012bee.1_5utr	+	1	0,	26	26	1
chr18	65698267	65698293	uc008ffg.1_5utr	+	1	0,	26	26	1
chr18	65800570	65800624	uc056zgu.1_5utr	+	1	0,	54	54	3
chr18	65800577	65800624	uc008ffh.1_5utr	+	1	0,	47	47	2
chr18	65873478	65873606	uc008ffk.2_5utr	+	1	0,	128	128	6
chr18	65938814	65939089	uc008ffl.1_5utr	-	1	0,	275	275	14
chr18	65970047	65970178	uc008ffm.1_5utr	-	1	0,	131	131	7
chr18	66002611	66002635	uc008ffo.2_5utr	-	1	0,	24	24	1
chr18	66002611	66002635	uc008ffn.2_5utr	-	1	0,	24	24	1
chr18	66083188	66291446	uc008ffp.1_5utr	-	4	0,1549,10809,207943,	59,135,53,315	562	28
chr18	66291754	66291838	uc008ffr.1_5utr	-	1	0,	84	84	4
chr18	66458603	66458760	uc008fft.1_5utr	+	1	0,	157	157	8
chr18	66860040	66860487	uc008ffv.2_5utr	-	1	0,	447	447	22
chr18	67088297	67088527	uc008flr.2_5utr	+	1	0,	230	230	12
chr18	67088297	67088527	uc008fls.2_5utr	+	1	0,	230	230	12
chr18	67133559	67133825	uc008flt.2_5utr	+	1	0,	266	266	13
chr18	67205358	67205500	uc008flu.2_5utr	+	1	0,	142	142	7
chr18	67237624	67245277	uc008flx.1_5utr	-	3	0,6339,7481,	108,84,172	364	18
chr18	67237624	67245830	uc008flw.1_5utr	-	3	0,6339,7757,	108,84,449	641	32
chr18	67237624	67245830	uc008flv.1_5utr	-	3	0,6339,7757,	108,84,449	641	32
chr18	67289222	67289404	uc008fly.1_5utr	+	1	0,	182	182	9
chr18	67343563	67343802	uc012beh.1_5utr	+	1	0,	239	239	12
chr18	67390730	67390757	uc008fmd.1_5utr	+	1	0,	27	27	1
chr18	67392600	67392995	uc008fme.1_5utr	+	1	0,	395	395	20
chr18	67429238	67435948	uc008fmg.1_5utr	-	3	0,2415,4916,	16,125,1794	1935	97
chr18	67449001	67449136	uc008fmf.1_5utr	-	1	0,	135	135	7
chr18	67449001	67449136	uc008fmh.1_5utr	-	1	0,	135	135	7
chr18	67464848	67464924	uc008fmi.1_5utr	+	1	0,	76	76	4
chr18	67464848	67464924	uc008fmk.1_5utr	+	1	0,	76	76	4
chr18	67464848	67464924	uc008fmj.1_5utr	+	1	0,	76	76	4
chr18	67545659	67549173	uc008fml.1_5utr	-	2	0,3464,	81,50	131	7
chr18	67552702	67552807	uc012bej.1_5utr	-	1	0,	105	105	5
chr18	67552702	67552807	uc008fmm.1_5utr	-	1	0,	105	105	5
chr18	67552702	67552807	uc008fmn.1_5utr	-	1	0,	105	105	5
chr18	67610699	67610790	uc008fmp.1_5utr	-	1	0,	91	91	5
chr18	67634926	67638913	uc008fmq.1_5utr	-	4	0,2212,3339,3827,	14,225,76,160	475	24
chr18	67641174	67641336	uc008fmr.1_5utr	-	1	0,	162	162	8
chr18	67641598	67641678	uc008fms.1_5utr	+	1	0,	80	80	4
chr18	67641598	67641678	uc008fmt.1_5utr	+	1	0,	80	80	4
chr18	67724510	67724621	uc008fmu.2_5utr	-	1	0,	111	111	6
chr18	67724510	67724621	uc008fmv.2_5utr	-	1	0,	111	111	6
chr18	67774875	67775009	uc008fmx.1_5utr	+	1	0,	134	134	7
chr18	67774875	67775009	uc008fmy.1_5utr	+	1	0,	134	134	7
chr18	67800106	67802992	uc012bel.1_5utr	+	3	0,548,2882,	80,171,4	255	13
chr18	67800106	67802992	uc008fna.1_5utr	+	3	0,548,2882,	80,171,4	255	13
chr18	67854050	67856261	uc008fnd.1_5utr	+	3	0,1234,2097,	177,91,114	382	19
chr18	67854050	67856261	uc008fne.1_5utr	+	3	0,1234,2097,	177,91,114	382	19
chr18	67878413	67878454	uc008fnf.1_5utr	+	1	0,	41	41	2
chr18	67933256	68064646	uc008fng.1_5utr	+	2	0,130960,	132,430	562	28
chr18	68227993	68228005	uc008fnh.1_5utr	+	1	0,	12	12	1
chr18	68276237	68300333	uc008fni.1_5utr	-	2	0,23836,	37,260	297	15
chr18	68300354	68305821	uc008fnj.2_5utr	+	2	0,5425,	71,42	113	6
chr18	68300354	68305821	uc008fnk.2_5utr	+	2	0,5425,	71,42	113	6
chr18	68300354	68305821	uc012bem.1_5utr	+	2	0,5425,	71,42	113	6
chr18	68337602	68337624	uc008fnl.2_5utr	+	1	0,	22	22	1
chr18	68408220	68427840	uc033hhr.1_5utr	-	3	0,1586,19542,	96,112,78	286	14
chr18	68408220	68429320	uc008fnm.2_5utr	-	3	0,1586,20991,	96,112,109	317	16
chr18	68408220	68429320	uc008fnn.2_5utr	-	4	0,1586,13895,20991,	96,112,57,109	374	19
chr18	68408220	68429320	uc033hht.2_5utr	-	5	0,1586,3705,13895,20991,	96,112,86,57,109	460	23
chr18	69198120	69198546	uc008fno.1_5utr	+	2	0,390,	214,36	250	12
chr18	69344491	69347298	uc008fnq.1_5utr	+	2	0,2787,	534,20	554	28
chr18	69344491	69347298	uc012ben.1_5utr	+	2	0,2787,	534,20	554	28
chr18	69344491	69345025	uc008fnp.1_5utr	+	1	0,	534	534	27
chr18	69345720	69347298	uc008fnr.1_5utr	+	2	0,1558,	219,20	239	12
chr18	69345720	69347298	uc008fns.1_5utr	+	2	0,1558,	219,20	239	12
chr18	69346251	69347298	uc008fnt.1_5utr	+	2	0,1027,	114,20	134	7
chr18	69593425	69593515	uc008fnv.1_5utr	+	1	0,	90	90	4
chr18	69593425	69593515	uc008fnu.1_5utr	+	1	0,	90	90	4
chr18	69925558	69938853	uc008fnx.1_5utr	+	2	0,13287,	62,8	70	4
chr18	69925558	69938853	uc008fnw.1_5utr	+	2	0,13283,	62,12	74	4
chr18	69994558	70053588	uc012beo.2_5utr	-	3	0,1510,58567,	4,172,463	639	32
chr18	69996221	70053588	uc012bep.2_5utr	-	3	0,53216,56904,	19,171,463	653	33
chr18	69996221	70053588	uc008fnz.2_5utr	-	2	0,56904,	19,463	482	24
chr18	69996221	70141605	uc008foa.2_5utr	-	3	0,145096,145302,	19,76,82	177	9
chr18	70244382	70244584	uc008fob.2_5utr	-	1	0,	202	202	10
chr18	70469740	70469777	uc029tpg.1_5utr	-	1	0,	37	37	2
chr18	70469740	70469777	uc029tpm.1_5utr	-	1	0,	37	37	2
chr18	70469740	70469777	uc029tph.1_5utr	-	1	0,	37	37	2
chr18	70469740	70469777	uc029tpi.1_5utr	-	1	0,	37	37	2
chr18	70469740	70469777	uc029tpk.1_5utr	-	1	0,	37	37	2
chr18	70469740	70472480	uc008fof.1_5utr	-	3	0,1932,2550,	37,307,190	534	27
chr18	70469740	70469754	uc029tpc.1_5utr	-	1	0,	14	14	1
chr18	70469740	70472480	uc008fod.1_5utr	-	3	0,1932,2550,	37,307,190	534	27
chr18	70469740	70469754	uc029tpb.1_5utr	-	1	0,	14	14	1
chr18	70472453	70476103	uc008fog.2_5utr	+	4	0,748,1831,3646,	115,153,81,4	353	18
chr18	70472571	70476103	uc008foh.2_5utr	+	4	0,630,1713,3528,	46,153,81,4	284	14
chr18	70472627	70476103	uc033hhw.1_5utr	+	4	0,574,1657,3472,	25,153,81,4	263	13
chr18	70472665	70476103	uc033hhx.1_5utr	+	4	0,536,1619,3434,	60,153,81,4	298	15
chr18	70523379	70530321	uc008foi.3_5utr	-	5	0,1351,3177,5322,6371,	20,798,165,126,571	1680	84
chr18	70528738	70530321	uc008foj.3_5utr	-	2	0,1012,	89,571	660	33
chr18	70528738	70530321	uc012beq.2_5utr	-	2	0,1012,	89,571	660	33
chr18	70530287	70530321	uc008fok.2_5utr	-	1	0,	34	34	2
chr18	70530287	70530321	uc008fol.1_5utr	-	1	0,	34	34	2
chr18	70568291	70568416	uc008fon.2_5utr	+	1	0,	125	125	6
chr18	70568291	70568416	uc008fom.2_5utr	+	1	0,	125	125	6
chr18	72350446	72351069	uc008foq.1_5utr	-	1	0,	623	623	31
chr18	72350446	72351069	uc008fos.1_5utr	-	1	0,	623	623	31
chr18	72350446	72351069	uc008fop.1_5utr	-	1	0,	623	623	31
chr18	72350446	72351069	uc008for.1_5utr	-	1	0,	623	623	31
chr18	73572704	73573043	uc008fot.2_5utr	+	1	0,	339	339	17
chr18	73677911	73678039	uc012bes.1_5utr	-	1	0,	128	128	6
chr18	73677911	73678039	uc012bet.1_5utr	-	1	0,	128	128	6
chr18	73677911	73678231	uc008fou.1_5utr	-	1	0,	320	320	16
chr18	73677911	73703741	uc008fov.1_5utr	-	2	0,25518,	128,312	440	22
chr18	73747323	73754479	uc008fow.1_5utr	-	2	0,7078,	8,78	86	4
chr18	73805159	73815392	uc008fox.1_5utr	-	2	0,10144,	10,89	99	5
chr18	73805159	73815392	uc008foy.1_5utr	-	2	0,10144,	10,89	99	5
chr18	73859386	73869957	uc008foz.1_5utr	+	3	0,4533,10567,	70,143,4	217	11
chr18	73869953	73869957	uc012bev.1_5utr	+	1	0,	4	4	0
chr18	73935147	74064392	uc008fpa.2_5utr	-	3	0,34743,128776,	20,1386,469	1875	94
chr18	73970436	73971454	uc008fpc.1_5utr	-	1	0,	1018	1018	51
chr18	73970436	74064949	uc008fpb.2_5utr	-	2	0,94403,	840,110	950	48
chr18	74206873	74207818	uc008fpe.2_5utr	-	2	0,656,	11,289	300	15
chr18	74206873	74207818	uc008fpf.2_5utr	-	2	0,720,	11,225	236	12
chr18	74216211	74216479	uc008fpg.1_5utr	+	1	0,	268	268	13
chr18	74268287	74269428	uc008fpj.2_5utr	+	2	0,1115,	146,26	172	9
chr18	74268287	74269428	uc008fph.2_5utr	+	2	0,1115,	146,26	172	9
chr18	74273412	74274047	uc012bex.1_5utr	+	3	0,322,603,	245,83,32	360	18
chr18	74273412	74274047	uc008fpk.1_5utr	+	3	0,322,603,	245,83,32	360	18
chr18	74283099	74283197	uc008fpm.2_5utr	+	1	0,	98	98	5
chr18	74283099	74299300	uc008fpl.2_5utr	+	3	0,1441,16012,	167,232,189	588	29
chr18	74442618	74442780	uc008fpo.1_5utr	+	1	0,	162	162	8
chr18	74442618	74442780	uc008fpp.1_5utr	+	1	0,	162	162	8
chr18	74733764	74733979	uc008fps.1_5utr	+	1	0,	215	215	11
chr18	74779211	74779249	uc008fpt.1_5utr	+	1	0,	38	38	2
chr18	74960974	74961263	uc008fpu.2_5utr	-	1	0,	289	289	14
chr18	74960974	74961263	uc008fpv.2_5utr	-	1	0,	289	289	14
chr18	75000476	75001203	uc008fpw.2_5utr	+	2	0,714,	67,13	80	4
chr18	75005867	75008673	uc008fpx.1_5utr	+	2	0,2783,	147,23	170	8
chr18	75005899	75008673	uc008fpy.1_5utr	+	2	0,2751,	215,23	238	12
chr18	75018771	75043129	uc008fpz.1_5utr	+	2	0,24307,	213,51	264	13
chr18	75114657	75114683	uc008fqa.1_5utr	+	1	0,	26	26	1
chr18	75126824	75126866	uc008fqb.1_5utr	+	1	0,	42	42	2
chr18	75367364	75368955	uc008fqd.1_5utr	+	1	0,	1591	1591	80
chr18	75367364	75368955	uc008fqe.2_5utr	+	1	0,	1591	1591	80
chr18	75521691	75521869	uc008fqf.2_5utr	-	1	0,	178	178	9
chr18	75637312	75697696	uc008fqg.2_5utr	-	2	0,60079,	26,305	331	17
chr18	75820177	76136842	uc008fqi.1_5utr	+	4	0,80370,191451,316649,	188,214,62,16	480	24
chr18	76059457	76136842	uc008fql.1_5utr	+	2	0,77369,	160,16	176	9
chr18	76059457	76136842	uc008fqk.1_5utr	+	2	0,77369,	160,16	176	9
chr18	76241700	76262491	uc008fqn.2_5utr	+	2	0,20739,	279,52	331	17
chr18	76261120	76262491	uc008fqp.2_5utr	+	2	0,1319,	390,52	442	22
chr18	76262439	76262491	uc008fqo.2_5utr	+	1	0,	52	52	3
chr18	76856404	76858584	uc008fqq.1_5utr	+	2	0,2130,	34,50	84	4
chr18	76930026	76930125	uc008fqr.2_5utr	+	1	0,	99	99	5
chr18	76944114	76951122	uc008fqt.1_5utr	+	2	0,6998,	71,10	81	4
chr18	76944114	76951122	uc008fqs.1_5utr	+	2	0,6998,	71,10	81	4
chr18	76944417	76951122	uc008fqu.1_5utr	+	2	0,6695,	110,10	120	6
chr18	76997624	77002549	uc008fqv.1_5utr	-	2	0,4806,	66,119	185	9
chr18	77019249	77047296	uc008fqy.1_5utr	-	3	0,25430,27924,	6,126,123	255	13
chr18	77047224	77047296	uc008fqz.1_5utr	-	1	0,	72	72	4
chr18	77047224	77047296	uc008fra.1_5utr	-	1	0,	72	72	4
chr18	77047224	77047296	uc008fqx.1_5utr	-	1	0,	72	72	4
chr18	77065207	77065395	uc012bfb.1_5utr	+	1	0,	188	188	9
chr18	77065207	77065395	uc008frb.1_5utr	+	1	0,	188	188	9
chr18	77065207	77065395	uc008frc.2_5utr	+	1	0,	188	188	9
chr18	77065679	77065904	uc008fre.2_5utr	+	1	0,	225	225	11
chr18	77065679	77065904	uc008frd.2_5utr	+	1	0,	225	225	11
chr18	77185846	77186094	uc008frg.2_5utr	+	1	0,	248	248	12
chr18	77185846	77186094	uc008frh.2_5utr	+	1	0,	248	248	12
chr18	77307749	77329268	uc008fri.1_5utr	+	3	0,13823,21430,	346,99,89	534	27
chr18	77565102	77565136	uc008frj.2_5utr	-	1	0,	34	34	2
chr18	77674614	77714010	uc008frn.1_5utr	-	2	0,39106,	70,290	360	18
chr18	77674614	77714486	uc008fro.1_5utr	-	2	0,39688,	70,184	254	13
chr18	77674614	77674684	uc008frp.1_5utr	-	1	0,	70	70	4
chr18	77674614	77714010	uc008frq.1_5utr	-	2	0,39106,	70,290	360	18
chr18	77767749	77767780	uc008frs.1_5utr	-	1	0,	31	31	2
chr18	77767749	77767780	uc008frt.1_5utr	-	1	0,	31	31	2
chr18	77773767	77774050	uc008fru.1_5utr	+	1	0,	283	283	14
chr18	77789912	77794318	uc008frv.1_5utr	+	2	0,4392,	74,14	88	4
chr18	77789912	77794318	uc008frw.1_5utr	+	2	0,4392,	74,14	88	4
chr18	77794549	77794717	uc008fry.1_5utr	+	1	0,	168	168	8
chr18	77938466	77938499	uc008fsa.2_5utr	+	1	0,	33	33	2
chr18	77955209	77964986	uc008frz.1_5utr	+	8	0,697,2197,3820,4270,5497,7171,9740,	89,74,106,115,151,156,158,37	886	44
chr18	78116508	78123426	uc008fsc.2_5utr	-	2	0,6733,	21,185	206	10
chr18	78116508	78142119	uc008fse.1_5utr	-	2	0,25486,	21,125	146	7
chr18	78120294	78123426	uc008fsd.2_5utr	-	2	0,2947,	58,185	243	12
chr18	78160011	78179172	uc012bff.1_5utr	-	4	0,746,3084,18467,	12,83,126,694	915	46
chr18	78184741	78184758	uc008fsf.2_5utr	-	1	0,	17	17	1
chr18	78205835	78206440	uc012bfh.1_5utr	-	2	0,417,	56,188	244	12
chr18	78205835	78205891	uc012bfg.1_5utr	-	1	0,	56	56	3
chr18	78209094	78596950	uc008fsh.2_5utr	-	4	0,117254,375488,387608,	11,66,131,248	456	23
chr18	78209094	78596950	uc008fsg.2_5utr	-	4	0,117254,375488,387608,	11,66,131,248	456	23
chr18	79087015	79109391	uc008fsi.2_5utr	-	2	0,22172,	165,204	369	18
chr18	80046894	80047070	uc008fsj.2_5utr	+	1	0,	176	176	9
chr18	80128402	80128673	uc029tqf.2_5utr	-	1	0,	271	271	14
chr18	80142756	80151482	uc008fsk.1_5utr	-	2	0,8609,	13,117	130	6
chr18	80200549	80200619	uc008fsm.1_5utr	-	1	0,	70	70	4
chr18	80206797	80207190	uc008fso.1_5utr	+	2	0,356,	104,37	141	7
chr18	80206797	80207190	uc008fsn.1_5utr	+	2	0,356,	104,37	141	7
chr18	80206845	80207190	uc008fsp.1_5utr	+	2	0,308,	216,37	253	13
chr18	80206866	80207190	uc008fsq.1_5utr	+	2	0,287,	80,37	117	6
chr18	80236746	80247102	uc008fss.2_5utr	-	2	0,10297,	175,59	234	12
chr18	80253291	80256915	uc008fsu.2_5utr	+	4	0,1049,2080,3490,	102,135,39,134	410	20
chr18	80255244	80256915	uc008fsv.2_5utr	+	2	0,1537,	166,134	300	15
chr18	80256225	80256915	uc008fsw.2_5utr	+	2	0,556,	93,134	227	11
chr18	80256225	80256915	uc008fsx.2_5utr	+	2	0,556,	93,134	227	11
chr18	80256305	80256915	uc008fta.2_5utr	+	2	0,476,	98,134	232	12
chr18	80256305	80256915	uc012bfi.1_5utr	+	2	0,476,	98,134	232	12
chr18	80256305	80256915	uc008fsz.2_5utr	+	2	0,476,	98,134	232	12
chr18	80256306	80256915	uc008fsy.2_5utr	+	1	0,	609	609	30
chr18	80323135	80364254	uc012bfj.1_5utr	-	3	0,17305,41023,	35,156,96	287	14
chr18	80469546	80469667	uc008ftb.1_5utr	-	1	0,	121	121	6
chr18	80708118	80708173	uc012bfl.1_5utr	-	1	0,	55	55	3
chr18	80708118	80708173	uc008ftf.2_5utr	-	1	0,	55	55	3
chr18	80708118	80708173	uc012bfk.1_5utr	-	1	0,	55	55	3
chr18	80712766	80713071	uc012bfm.1_5utr	-	1	0,	305	305	15
chr18	80712766	80713071	uc008ftg.2_5utr	-	1	0,	305	305	15
chr18	80712766	80713071	uc008fte.2_5utr	-	1	0,	305	305	15
chr18	80933939	80934058	uc008fth.2_5utr	-	1	0,	119	119	6
chr18	80933939	80934058	uc008fti.2_5utr	-	1	0,	119	119	6
chr18	80933939	80934058	uc008ftk.1_5utr	-	1	0,	119	119	6
chr18	80974315	80975031	uc008ftm.1_5utr	-	1	0,	716	716	36
chr18	80974315	80974625	uc008ftl.2_5utr	-	1	0,	310	310	16
chr18	80986536	80986578	uc008ftn.1_5utr	-	1	0,	42	42	2
chr18	82406150	82406777	uc008ftq.1_5utr	-	1	0,	627	627	31
chr18	82475122	82500751	uc008ftr.1_5utr	+	2	0,25604,	272,25	297	15
chr18	82475122	82500751	uc008fts.1_5utr	+	2	0,25604,	272,25	297	15
chr18	82475122	82522050	uc029tqh.1_5utr	+	3	0,25604,46927,	272,76,1	349	17
chr18	82554319	82554579	uc008ftw.1_5utr	+	1	0,	260	260	13
chr18	82554319	82554579	uc008ftu.1_5utr	+	1	0,	260	260	13
chr18	82554319	82554579	uc008ftv.1_5utr	+	1	0,	260	260	13
chr18	82554319	82554579	uc008fty.1_5utr	+	1	0,	260	260	13
chr18	82554319	82554579	uc008ftx.1_5utr	+	1	0,	260	260	13
chr18	82554319	82554579	uc008ftz.1_5utr	+	1	0,	260	260	13
chr18	82609398	82617889	uc008fua.2_5utr	-	3	0,1206,8311,	77,82,180	339	17
chr18	82649304	82692734	uc012bfo.1_5utr	-	10	0,7644,8698,15533,19267,22381,25002,31287,32840,43338,	86,229,204,144,173,125,179,165,143,92	1540	77
chr18	82692697	82692734	uc008fub.2_5utr	-	1	0,	37	37	2
chr18	82692697	82692734	uc012bfp.1_5utr	-	1	0,	37	37	2
chr18	82910878	82955678	uc008fuf.2_5utr	+	2	0,44645,	114,155	269	13
chr18	82914631	82955678	uc008fug.2_5utr	+	2	0,40892,	92,155	247	12
chr18	84015489	84086390	uc008ful.1_5utr	-	2	0,70525,	752,376	1128	56
chr18	84085403	84086562	uc008fum.1_5utr	-	1	0,	1159	1159	58
chr18	84088157	84088164	uc008fun.1_5utr	+	1	0,	7	7	0
chr18	84412320	84412420	uc008fup.1_5utr	-	1	0,	100	100	5
chr18	84562986	84589504	uc008fuo.2_5utr	-	2	0,26451,	60,67	127	6
chr18	84640278	84650095	uc008fur.2_5utr	-	2	0,9623,	77,194	271	14
chr18	84640278	84650095	uc008fus.2_5utr	-	2	0,9623,	77,194	271	14
chr18	84681897	84682059	uc008fut.2_5utr	-	1	0,	162	162	8
chr18	84681897	84685702	uc008fuu.2_5utr	-	2	0,3705,	30,100	130	6
chr18	84720241	84730278	uc008fuv.1_5utr	+	3	0,4214,9788,	120,140,249	509	25
chr18	84851413	84851478	uc008fuw.1_5utr	+	1	0,	65	65	3
chr18	84935024	84935157	uc008fux.1_5utr	+	1	0,	133	133	7
chr18	84951297	84951524	uc008fuy.1_5utr	-	1	0,	227	227	11
chr18	86394951	86395882	uc008fuz.2_5utr	+	1	0,	931	931	47
chr18	86711109	86713068	uc008fva.1_5utr	+	3	0,622,1795,	86,45,164	295	15
chr18	86711644	86713068	uc008fvb.1_5utr	+	2	0,1260,	132,164	296	15
chr18	86712064	86713068	uc008fvc.2_5utr	+	2	0,840,	207,164	371	19
chr18	88870789	88894207	uc008fvh.1_5utr	-	3	0,16423,23372,	129,121,46	296	15
chr18	88870789	88894207	uc008fvf.1_5utr	-	3	0,16419,23372,	129,125,46	300	15
chr18	88870789	88894207	uc008fvg.1_5utr	-	4	0,16202,16419,23372,	129,74,125,46	374	19
chr18	88971789	88972047	uc008fvj.1_5utr	+	1	0,	258	258	13
chr18	88971789	88972047	uc008fvi.1_5utr	+	1	0,	258	258	13
chr18	89012971	89013032	uc008fvk.1_5utr	+	1	0,	61	61	3
chr18	89064100	89073646	uc012bfr.1_5utr	+	4	0,1746,2685,9444,	159,72,151,102	484	24
chr18	89108048	89109270	uc008fvl.1_5utr	+	2	0,1202,	106,20	126	6
chr18	89110673	89115551	uc012bfs.1_5utr	+	3	0,2651,4826,	78,127,52	257	13
chr18	89197426	89206595	uc008fvp.1_5utr	+	2	0,9143,	213,26	239	12
chr18	89197426	89247211	uc012bft.1_5utr	+	2	0,49558,	213,227	440	22
chr18	89197426	89206595	uc008fvn.1_5utr	+	2	0,9143,	213,26	239	12
chr18	89197426	89206595	uc008fvo.1_5utr	+	2	0,9143,	213,26	239	12
chr18	89496914	89560117	uc008fvs.1_5utr	-	2	0,63088,	35,115	150	8
chr18	90510153	90510322	uc008fvu.1_5utr	+	1	0,	169	169	8
chr18	90510153	90510322	uc008fvv.1_5utr	+	1	0,	169	169	8
chr18	90510153	90510322	uc008fvt.1_5utr	+	1	0,	169	169	8
