chr	start	end	transcript_id	strand	number_of_exons	coordinates	length1	total_length	bin
chr12	3309418	3309969	uc007mwl.2_5utr	-	1	0,	551	551	28
chr12	3309418	3309941	uc056ypl.1_5utr	-	1	0,	523	523	26
chr12	3365131	3365980	uc007mwm.1_5utr	+	1	0,	849	849	42
chr12	3365131	3365980	uc007mwn.1_5utr	+	2	0,640,	365,209	574	29
chr12	3366723	3366997	uc029rqm.1_5utr	+	1	0,	274	274	14
chr12	3426856	3427155	uc033gcg.1_5utr	+	1	0,	299	299	15
chr12	3426856	3427155	uc033gce.1_5utr	+	1	0,	299	299	15
chr12	3426856	3427155	uc033gcf.1_5utr	+	1	0,	299	299	15
chr12	3451661	3451692	uc007mws.2_5utr	+	1	0,	31	31	2
chr12	3451661	3474540	uc011yjr.2_5utr	+	5	0,3885,5400,17816,22828,	109,94,148,116,51	518	26
chr12	3474658	3475907	uc007mwt.1_5utr	+	1	0,	1249	1249	62
chr12	3572390	3589171	uc011yjs.1_5utr	+	2	0,16780,	257,1	258	13
chr12	3572390	3589171	uc007mwv.2_5utr	+	2	0,16780,	257,1	258	13
chr12	3572390	3589171	uc007mwu.2_5utr	+	2	0,16780,	257,1	258	13
chr12	3572390	3589171	uc007mww.2_5utr	+	2	0,16780,	257,1	258	13
chr12	3572390	3589171	uc007mwx.2_5utr	+	2	0,16780,	257,1	258	13
chr12	3573040	3589171	uc007mwy.2_5utr	+	2	0,16130,	192,1	193	10
chr12	3806522	3835197	uc007mxa.2_5utr	+	2	0,28504,	80,171	251	13
chr12	3806979	3835197	uc007mxb.1_5utr	+	2	0,28047,	141,171	312	16
chr12	3807159	3835197	uc007mxc.1_5utr	+	2	0,27867,	95,171	266	13
chr12	3891743	3895572	uc007mxd.1_5utr	+	2	0,3799,	117,30	147	7
chr12	3954944	3958128	uc007mxe.2_5utr	+	2	0,3131,	102,53	155	8
chr12	3954944	3958128	uc033gci.1_5utr	+	3	0,1874,3131,	102,111,53	266	13
chr12	3954944	3958128	uc007mxg.2_5utr	+	2	0,3161,	102,23	125	6
chr12	3954944	3958128	uc033gcj.1_5utr	+	3	0,443,3131,	102,176,53	331	17
chr12	3954944	3958128	uc007mxf.2_5utr	+	3	0,1874,3161,	102,111,23	236	12
chr12	3993040	3993056	uc011yjt.1_5utr	-	1	0,	16	16	1
chr12	4038710	4038915	uc007mxh.1_5utr	-	1	0,	205	205	10
chr12	4082573	4082786	uc007mxi.2_5utr	+	1	0,	213	213	11
chr12	4082573	4082786	uc007mxj.2_5utr	+	1	0,	213	213	11
chr12	4133396	4134325	uc007mxl.2_5utr	+	2	0,756,	382,173	555	28
chr12	4133396	4134325	uc007mxk.2_5utr	+	2	0,756,	323,173	496	25
chr12	4134152	4134325	uc007mxm.2_5utr	+	1	0,	173	173	9
chr12	4216743	4234294	uc007mxo.2_5utr	-	4	0,464,16787,17008,	35,115,127,543	820	41
chr12	4233576	4234294	uc007mxp.1_5utr	-	2	0,175,	81,543	624	31
chr12	4233576	4234294	uc007mxn.1_5utr	-	2	0,175,	81,543	624	31
chr12	4274945	4275008	uc007mxt.1_5utr	-	1	0,	63	63	3
chr12	4344485	4344502	uc007mxr.2_5utr	-	1	0,	17	17	1
chr12	4344485	4477182	uc007mxs.2_5utr	-	4	0,9875,72185,132286,	17,149,135,411	712	36
chr12	4354381	4354509	uc007mxu.1_5utr	-	1	0,	128	128	6
chr12	4593007	4613274	uc007mxw.2_5utr	+	2	0,20235,	225,32	257	13
chr12	4593007	4613274	uc007mxv.2_5utr	+	2	0,20235,	225,32	257	13
chr12	4593007	4613274	uc007mxx.1_5utr	+	2	0,20235,	225,32	257	13
chr12	4634534	4634578	uc007mxy.1_5utr	+	1	0,	44	44	2
chr12	4711517	4711987	uc007mya.1_5utr	+	1	0,	470	470	24
chr12	4737771	4738383	uc007myb.1_5utr	-	2	0,437,	14,175	189	9
chr12	4737771	4738430	uc007myc.1_5utr	-	2	0,614,	14,45	59	3
chr12	4768488	4769267	uc007myd.2_5utr	-	2	0,417,	33,362	395	20
chr12	4768497	4769267	uc007mye.2_5utr	-	2	0,408,	24,362	386	19
chr12	4769294	4770152	uc007myf.1_5utr	+	1	0,	858	858	43
chr12	4769294	4770152	uc007myg.1_5utr	+	1	0,	858	858	43
chr12	4769338	4770152	uc007myh.1_5utr	+	2	0,643,	230,171	401	20
chr12	4817607	4817789	uc007myi.1_5utr	+	1	0,	182	182	9
chr12	4841435	4841595	uc007myj.1_5utr	-	1	0,	160	160	8
chr12	4841435	4841595	uc007myk.1_5utr	-	1	0,	160	160	8
chr12	4843302	4850145	uc007myn.2_5utr	+	2	0,6824,	149,19	168	8
chr12	4843302	4850145	uc007myl.2_5utr	+	3	0,5560,6824,	149,251,19	419	21
chr12	4843302	4850145	uc007mym.2_5utr	+	2	0,6824,	149,19	168	8
chr12	4869645	4874359	uc011yjy.1_5utr	-	4	0,853,1730,4625,	27,125,126,89	367	18
chr12	4869645	4874359	uc011yjx.1_5utr	-	3	0,1730,4625,	978,126,89	1193	60
chr12	4870506	4874359	uc007myp.2_5utr	-	4	0,869,2628,3764,	117,126,151,89	483	24
chr12	4874336	4874359	uc007myq.2_5utr	-	1	0,	23	23	1
chr12	4902260	4907520	uc007myr.1_5utr	-	2	0,5088,	12,172	184	9
chr12	4902260	4907520	uc007mys.1_5utr	-	2	0,5088,	12,172	184	9
chr12	4917352	4917708	uc033gcl.1_5utr	+	1	0,	356	356	18
chr12	4917352	4917708	uc007myt.1_5utr	+	1	0,	356	356	18
chr12	4917352	4917708	uc033gcm.1_5utr	+	1	0,	356	356	18
chr12	5210216	5291444	uc011yjz.2_5utr	-	2	0,81120,	45,108	153	8
chr12	5210216	5375682	uc007myw.3_5utr	-	3	0,81120,164885,	45,108,581	734	37
chr12	5376501	5414902	uc011yka.1_5utr	+	2	0,38400,	27,1	28	1
chr12	7977676	7977778	uc007mzf.2_5utr	+	1	0,	102	102	5
chr12	7977676	7977778	uc007mzd.2_5utr	+	1	0,	102	102	5
chr12	8208106	8220601	uc007mzh.2_5utr	+	2	0,12493,	86,2	88	4
chr12	8208106	8220601	uc007mzg.2_5utr	+	2	0,12493,	86,2	88	4
chr12	8208126	8268402	uc007mzk.2_5utr	+	3	0,12473,60237,	78,156,39	273	14
chr12	8208126	8220601	uc007mzj.2_5utr	+	2	0,12473,	78,2	80	4
chr12	8208126	8220601	uc007mzi.2_5utr	+	2	0,12473,	78,2	80	4
chr12	8301933	8301954	uc007mzl.1_5utr	-	1	0,	21	21	1
chr12	8313432	8313465	uc007mzo.2_5utr	+	1	0,	33	33	2
chr12	8499632	8499985	uc007mzp.1_5utr	-	1	0,	353	353	18
chr12	8535793	8599066	uc007mzt.1_5utr	-	3	0,16109,63051,	21,115,222	358	18
chr12	8539545	8539566	uc007mzs.2_5utr	-	1	0,	21	21	1
chr12	8539545	8539566	uc033gcp.1_5utr	-	1	0,	21	21	1
chr12	8674133	8698108	uc007mzu.2_5utr	+	2	0,23957,	37,18	55	3
chr12	8674133	8698108	uc007mzv.2_5utr	+	2	0,23957,	37,18	55	3
chr12	8674133	8698108	uc007naa.2_5utr	+	2	0,23957,	37,18	55	3
chr12	8674258	8709344	uc007mzw.2_5utr	+	6	0,23832,24805,25890,31674,35063,	222,69,125,74,109,23	622	31
chr12	8674258	8698108	uc007mzy.2_5utr	+	2	0,23832,	222,18	240	12
chr12	8674258	8698108	uc007mzx.2_5utr	+	2	0,23832,	222,18	240	12
chr12	8674680	8698108	uc007mzz.2_5utr	+	2	0,23410,	146,18	164	8
chr12	8771395	8771635	uc007nac.1_5utr	+	1	0,	240	240	12
chr12	8771395	8771635	uc007nad.1_5utr	+	1	0,	240	240	12
chr12	8921306	8921958	uc007naf.1_5utr	+	1	0,	652	652	33
chr12	8947928	8948043	uc007nag.2_5utr	+	1	0,	115	115	6
chr12	8974000	8981160	uc011ykb.1_5utr	+	5	0,933,3362,4597,7031,	179,118,72,93,129	591	30
chr12	8974000	8974155	uc007nai.2_5utr	+	1	0,	155	155	8
chr12	8974000	8974155	uc007nah.2_5utr	+	1	0,	155	155	8
chr12	8974000	8974155	uc007naj.2_5utr	+	1	0,	155	155	8
chr12	8974000	8974155	uc007nak.2_5utr	+	1	0,	155	155	8
chr12	9029996	9030056	uc007nam.1_5utr	+	1	0,	60	60	3
chr12	9029996	9030056	uc007nal.1_5utr	+	1	0,	60	60	3
chr12	9574441	9579128	uc007nao.2_5utr	+	2	0,4653,	301,34	335	17
chr12	10369970	10370062	uc007naq.2_5utr	+	1	0,	92	92	5
chr12	10369970	10370062	uc007nap.2_5utr	+	1	0,	92	92	5
chr12	10390779	10390839	uc007nar.2_5utr	+	1	0,	60	60	3
chr12	11092696	11150842	uc011ykd.1_5utr	-	3	0,27062,58020,	59,190,126	375	19
chr12	11092696	11150373	uc007nas.1_5utr	-	3	0,27062,57488,	59,190,189	438	22
chr12	11261010	11265787	uc007naw.1_5utr	-	2	0,4576,	58,201	259	13
chr12	11262567	11265787	uc007nav.1_5utr	-	2	0,3019,	26,201	227	11
chr12	11265885	11271733	uc007nay.1_5utr	+	2	0,5843,	403,5	408	20
chr12	11265885	11282392	uc007naz.1_5utr	+	6	0,5843,8108,13719,14455,16474,	403,143,118,137,62,33	896	45
chr12	11265885	11271733	uc007nax.1_5utr	+	2	0,5843,	403,5	408	20
chr12	11386976	11436649	uc011ykf.1_5utr	-	2	0,49380,	5,293	298	15
chr12	12262138	12340688	uc007nbc.2_5utr	+	4	0,14204,42042,78540,	100,73,142,10	325	16
chr12	12262138	12340688	uc007nbd.2_5utr	+	3	0,42042,78540,	100,142,10	252	13
chr12	12940393	12940616	uc007nbf.2_5utr	-	1	0,	223	223	11
chr12	12940393	12941836	uc007nbg.2_5utr	-	2	0,1242,	93,201	294	15
chr12	13249119	13249174	uc007nbh.1_5utr	-	1	0,	55	55	3
chr12	13269126	13269150	uc007nbj.2_5utr	+	1	0,	24	24	1
chr12	13330616	13356824	uc011ykj.1_5utr	+	6	0,407,5214,5657,22166,26207,	141,79,105,137,84,1	547	27
chr12	13362441	13362480	uc007nbk.2_5utr	+	1	0,	39	39	2
chr12	13487121	13513393	uc007nbl.1_5utr	+	2	0,26248,	239,24	263	13
chr12	13487121	13513393	uc007nbm.2_5utr	+	2	0,26248,	239,24	263	13
chr12	14150724	14152038	uc007nbn.1_5utr	-	2	0,1097,	36,217	253	13
chr12	15815500	15816785	uc007nbq.1_5utr	-	1	0,	1285	1285	64
chr12	16580895	16589770	uc007nbt.2_5utr	-	2	0,8822,	9,53	62	3
chr12	16580895	16589770	uc007nbv.1_5utr	-	2	0,8822,	9,53	62	3
chr12	16580895	16589770	uc007nbu.2_5utr	-	3	0,3612,8822,	9,144,53	206	10
chr12	16580895	16589770	uc007nbs.2_5utr	-	2	0,8822,	9,53	62	3
chr12	16653469	16653499	uc007nbw.1_5utr	+	1	0,	30	30	2
chr12	16653469	16653499	uc007nbx.1_5utr	+	1	0,	30	30	2
chr12	16740045	16757239	uc011ykk.2_5utr	-	2	0,17095,	209,99	308	15
chr12	16740045	16800886	uc029rrb.1_5utr	-	4	0,17095,19406,60601,	209,99,82,240	630	32
chr12	16740045	16740254	uc007ncb.1_5utr	-	1	0,	209	209	10
chr12	16810964	16813909	uc007ncc.2_5utr	+	3	0,1324,2882,	351,84,63	498	25
chr12	16810964	16811207	uc007nce.2_5utr	+	1	0,	243	243	12
chr12	16810964	16813909	uc007ncf.2_5utr	+	2	0,2882,	351,63	414	21
chr12	16810964	16811207	uc033gcv.1_5utr	+	1	0,	243	243	12
chr12	16894977	16895189	uc007ncg.1_5utr	+	1	0,	212	212	11
chr12	16894977	16895189	uc007nch.1_5utr	+	1	0,	212	212	11
chr12	16926938	16928968	uc007nci.1_5utr	+	2	0,1995,	82,35	117	6
chr12	16972980	16973019	uc007ncj.1_5utr	+	1	0,	39	39	2
chr12	16999955	17000118	uc007ncl.2_5utr	-	1	0,	163	163	8
chr12	16999955	17000118	uc007nck.2_5utr	-	1	0,	163	163	8
chr12	17011345	17011727	uc007ncm.2_5utr	-	2	0,106,	6,276	282	14
chr12	17011345	17011727	uc011ykn.1_5utr	-	2	0,106,	6,276	282	14
chr12	17176218	17176888	uc007ncn.2_5utr	-	1	0,	670	670	34
chr12	17266594	17266617	uc007nco.1_5utr	+	1	0,	23	23	1
chr12	17266594	17266617	uc007ncp.1_5utr	+	1	0,	23	23	1
chr12	17308344	17308413	uc007ncq.1_5utr	-	1	0,	69	69	3
chr12	17323466	17324730	uc007ncr.2_5utr	-	2	0,1163,	44,101	145	7
chr12	17323466	17324730	uc007ncs.2_5utr	-	2	0,1163,	44,101	145	7
chr12	17348492	17348553	uc007ncu.1_5utr	+	1	0,	61	61	3
chr12	17544872	17547298	uc007ncv.1_5utr	+	3	0,2223,2410,	296,98,16	410	20
chr12	17690813	17786170	uc007ncx.1_5utr	+	2	0,95333,	233,24	257	13
chr12	17690813	17786170	uc007ncw.1_5utr	+	3	0,76400,95333,	233,86,24	343	17
chr12	17786146	17786170	uc007ncy.1_5utr	+	1	0,	24	24	1
chr12	18514509	18514737	uc007ndb.2_5utr	+	1	0,	228	228	11
chr12	18514509	18514737	uc011ykq.1_5utr	+	1	0,	228	228	11
chr12	20196706	20196916	uc029rrg.2_5utr	+	1	0,	210	210	10
chr12	21111755	21112043	uc011ykr.1_5utr	+	1	0,	288	288	14
chr12	21111755	21112043	uc007ndj.1_5utr	+	1	0,	288	288	14
chr12	21111755	21112043	uc007ndk.1_5utr	+	1	0,	288	288	14
chr12	21111755	21112043	uc007ndi.1_5utr	+	1	0,	288	288	14
chr12	21279471	21286237	uc007ndm.1_5utr	-	2	0,6634,	59,132	191	10
chr12	21279471	21286237	uc007ndn.1_5utr	-	2	0,6634,	59,132	191	10
chr12	21279471	21286111	uc007ndl.1_5utr	-	2	0,6380,	59,260	319	16
chr12	21286296	21286494	uc007ndo.2_5utr	+	1	0,	198	198	10
chr12	21286296	21286494	uc007ndp.2_5utr	+	1	0,	198	198	10
chr12	21306295	21306775	uc007ndq.2_5utr	+	1	0,	480	480	24
chr12	21316391	21316431	uc007ndt.1_5utr	+	1	0,	40	40	2
chr12	21316391	21316431	uc007nds.1_5utr	+	1	0,	40	40	2
chr12	21342923	21373632	uc011yku.2_5utr	-	5	0,6861,8619,10959,30412,	54,169,89,131,297	740	37
chr12	21347335	21373632	uc007ndv.2_5utr	-	6	0,2449,4207,6547,14323,26000,	114,169,89,131,133,297	933	47
chr12	21373432	21373632	uc007ndu.2_5utr	-	1	0,	200	200	10
chr12	21373432	21373632	uc011yks.2_5utr	-	1	0,	200	200	10
chr12	21417091	21417581	uc007ndx.1_5utr	-	2	0,412,	40,78	118	6
chr12	21417091	21417581	uc007ndy.1_5utr	-	2	0,412,	40,78	118	6
chr12	21417091	21417436	uc007ndw.1_5utr	-	1	0,	345	345	17
chr12	24096968	24097269	uc007neh.1_5utr	-	1	0,	301	301	15
chr12	24498580	24498631	uc007nej.2_5utr	+	1	0,	51	51	3
chr12	24498580	24505031	uc007nel.2_5utr	+	3	0,1855,6366,	69,99,85	253	13
chr12	24498580	24498631	uc007nei.2_5utr	+	1	0,	51	51	3
chr12	24498580	24498631	uc007nek.2_5utr	+	1	0,	51	51	3
chr12	24572286	24572438	uc007nem.2_5utr	+	1	0,	152	152	8
chr12	24580718	24580748	uc007nen.2_5utr	+	1	0,	30	30	2
chr12	24651370	24651524	uc007neo.2_5utr	+	1	0,	154	154	8
chr12	24680908	24681795	uc007neq.1_5utr	-	1	0,	887	887	44
chr12	24680908	24681795	uc007nep.1_5utr	-	1	0,	887	887	44
chr12	24680908	24681795	uc011yla.1_5utr	-	1	0,	887	887	44
chr12	24708253	24708346	uc007ner.2_5utr	+	1	0,	93	93	5
chr12	24831598	24882762	uc007net.1_5utr	+	2	0,51118,	176,46	222	11
chr12	24831598	24924266	uc007nex.1_5utr	+	2	0,92600,	176,68	244	12
chr12	24831598	24831699	uc007neu.1_5utr	+	1	0,	101	101	5
chr12	24831598	24934573	uc007new.1_5utr	+	2	0,102968,	176,7	183	9
chr12	24831598	24831699	uc007nev.1_5utr	+	1	0,	101	101	5
chr12	24974931	24982269	uc007nfa.1_5utr	+	2	0,7305,	131,33	164	8
chr12	24974931	24982269	uc007nez.1_5utr	+	2	0,7305,	131,33	164	8
chr12	24974931	24986921	uc007nfb.2_5utr	+	3	0,7381,11972,	131,65,18	214	11
chr12	24992209	24992278	uc007nfc.1_5utr	+	1	0,	69	69	3
chr12	25016889	25017026	uc007nfd.1_5utr	+	1	0,	137	137	7
chr12	25038323	25051136	uc056ypu.1_5utr	+	3	0,2132,12771,	227,114,42	383	19
chr12	25038323	25051136	uc056ypv.1_5utr	+	3	0,9570,12771,	227,33,42	302	15
chr12	25038323	25051136	uc056yps.1_5utr	+	5	0,2132,2922,9570,12771,	227,114,57,33,42	473	24
chr12	25038323	25051136	uc056ypt.1_5utr	+	4	0,2132,9570,12771,	227,114,33,42	416	21
chr12	25096010	25096092	uc007nfe.2_5utr	-	1	0,	82	82	4
chr12	26339440	26415262	uc007nfg.2_5utr	-	3	0,49953,75660,	11,182,162	355	18
chr12	26339440	26415262	uc007nff.2_5utr	-	4	0,49953,65878,75660,	11,182,74,162	429	21
chr12	26456419	26456452	uc007nfh.2_5utr	-	1	0,	33	33	2
chr12	26456419	26456452	uc011ylb.1_5utr	-	1	0,	33	33	2
chr12	26469214	26469351	uc007nfj.1_5utr	+	1	0,	137	137	7
chr12	27342408	27342718	uc007nfn.2_5utr	-	1	0,	310	310	16
chr12	28535492	28548337	uc007nfo.1_5utr	-	3	0,11718,12744,	88,52,101	241	12
chr12	28573266	28582483	uc007nfq.3_5utr	-	2	0,9198,	5,19	24	1
chr12	28573266	28582483	uc007nfp.3_5utr	-	2	0,9198,	113,19	132	7
chr12	28617538	28623290	uc007nfr.1_5utr	-	2	0,5695,	23,57	80	4
chr12	28635654	28635953	uc007nfs.2_5utr	-	2	0,201,	9,98	107	5
chr12	28649601	28649688	uc007nft.2_5utr	+	1	0,	87	87	4
chr12	28675206	28675252	uc007nfv.1_5utr	+	1	0,	46	46	2
chr12	28747531	28750453	uc007nfz.2_5utr	-	2	0,2630,	5,292	297	15
chr12	28747531	28750394	uc007nga.2_5utr	-	2	0,2797,	5,66	71	4
chr12	28747531	28750394	uc007nfx.2_5utr	-	2	0,2797,	5,66	71	4
chr12	28747531	28750453	uc011ylc.1_5utr	-	2	0,2630,	5,292	297	15
chr12	28747531	28750453	uc007nfw.2_5utr	-	2	0,2630,	5,292	297	15
chr12	28747531	28750394	uc007nfy.2_5utr	-	2	0,2797,	5,66	71	4
chr12	28751827	28751962	uc007ngb.2_5utr	+	1	0,	135	135	7
chr12	29528383	29775593	uc007ngd.1_5utr	+	5	0,38318,115929,202557,247056,	413,96,107,136,154	906	45
chr12	29528383	29775593	uc007nge.1_5utr	+	5	0,38318,115929,202557,247056,	413,96,107,136,154	906	45
chr12	29528383	29775593	uc007ngf.1_5utr	+	5	0,38318,115929,202557,247056,	413,96,107,136,154	906	45
chr12	29534904	29775593	uc007ngg.1_5utr	+	5	0,31797,109408,196036,240535,	325,96,107,136,154	818	41
chr12	29826868	29826894	uc007ngh.1_5utr	+	1	0,	26	26	1
chr12	29840236	29840363	uc007ngi.1_5utr	+	1	0,	127	127	6
chr12	29938035	29938133	uc007ngj.1_5utr	+	1	0,	98	98	5
chr12	29938035	29938133	uc007ngk.1_5utr	+	1	0,	98	98	5
chr12	29938035	29938133	uc007ngl.2_5utr	+	1	0,	98	98	5
chr12	29999963	30002018	uc007ngm.2_5utr	+	2	0,1957,	158,98	256	13
chr12	30131894	30132609	uc007ngo.1_5utr	-	2	0,649,	7,66	73	4
chr12	30131894	30131901	uc007ngp.1_5utr	-	1	0,	7	7	0
chr12	30243336	30243351	uc007ngq.2_5utr	-	1	0,	15	15	1
chr12	30267050	30373375	uc011yle.1_5utr	-	8	0,9611,21075,21221,40121,40276,45485,106107,	72,88,42,44,58,57,138,218	717	36
chr12	30312573	30373375	uc011ylf.1_5utr	-	2	0,60584,	100,218	318	16
chr12	30312573	30373375	uc011yld.1_5utr	-	2	0,60584,	100,218	318	16
chr12	30373229	30373375	uc007ngr.2_5utr	-	1	0,	146	146	7
chr12	30584442	30584505	uc007ngu.2_5utr	+	1	0,	63	63	3
chr12	30884323	30884783	uc007ngv.1_5utr	+	1	0,	460	460	23
chr12	30911532	30911612	uc007ngw.2_5utr	-	1	0,	80	80	4
chr12	30911532	30911612	uc007ngx.2_5utr	-	1	0,	80	80	4
chr12	30911668	30912226	uc011ylg.2_5utr	+	1	0,	558	558	28
chr12	30911668	30912226	uc007ngz.2_5utr	+	1	0,	558	558	28
chr12	31073967	31074040	uc007nhb.1_5utr	+	1	0,	73	73	4
chr12	31168861	31184622	uc033gcz.1_5utr	+	4	0,168,2343,15701,	28,110,60,60	258	13
chr12	31265293	31265420	uc007nhc.1_5utr	+	1	0,	127	127	6
chr12	31265293	31265420	uc007nhd.1_5utr	+	1	0,	127	127	6
chr12	31265315	31265564	uc007nhe.1_5utr	+	2	0,164,	29,85	114	6
chr12	31276655	31278479	uc007nhf.1_5utr	+	1	0,	1824	1824	91
chr12	31351339	31351471	uc007nhg.3_5utr	-	1	0,	132	132	7
chr12	31438218	31447098	uc007nhj.2_5utr	+	2	0,8791,	123,89	212	11
chr12	31438218	31447123	uc007nhh.2_5utr	+	2	0,8791,	123,114	237	12
chr12	31438218	31447098	uc007nhi.2_5utr	+	2	0,8791,	123,89	212	11
chr12	31447434	31449097	uc007nhk.1_5utr	+	3	0,1296,1643,	435,111,20	566	28
chr12	31499535	31499616	uc007nhl.2_5utr	-	1	0,	81	81	4
chr12	31499535	31499616	uc007nhm.2_5utr	-	1	0,	81	81	4
chr12	31499535	31499616	uc007nhn.2_5utr	-	1	0,	81	81	4
chr12	31559323	31559969	uc007nho.1_5utr	-	2	0,627,	196,19	215	11
chr12	31634354	31634658	uc007nhq.2_5utr	-	2	0,250,	26,54	80	4
chr12	31634354	31634597	uc007nhp.1_5utr	-	1	0,	243	243	12
chr12	31652406	31654826	uc007nhr.1_5utr	-	2	0,2283,	35,137	172	9
chr12	31654868	31654889	uc007nhs.1_5utr	+	1	0,	21	21	1
chr12	31711656	31713926	uc007nht.2_5utr	-	2	0,1843,	905,427	1332	67
chr12	31950210	31950535	uc007nhv.2_5utr	-	1	0,	325	325	16
chr12	31950210	31950535	uc007nhw.2_5utr	-	1	0,	325	325	16
chr12	31950210	31950535	uc007nhu.2_5utr	-	1	0,	325	325	16
chr12	32061082	32061279	uc007nhx.2_5utr	-	1	0,	197	197	10
chr12	32061082	32061279	uc007nhy.1_5utr	-	1	0,	197	197	10
chr12	32205986	32208470	uc007nib.2_5utr	-	2	0,2175,	12,309	321	16
chr12	32205986	32208649	uc007nic.2_5utr	-	2	0,2531,	12,132	144	7
chr12	32205986	32208338	uc011ylh.1_5utr	-	2	0,2164,	12,188	200	10
chr12	32378788	32378983	uc007nie.2_5utr	+	1	0,	195	195	10
chr12	32820334	32820569	uc007nif.2_5utr	+	1	0,	235	235	12
chr12	32953944	32953967	uc007nih.2_5utr	+	1	0,	23	23	1
chr12	32954185	32954290	uc007nii.2_5utr	+	1	0,	105	105	5
chr12	33061750	33061796	uc007nik.1_5utr	-	1	0,	46	46	2
chr12	33092774	33092875	uc007nij.1_5utr	-	1	0,	101	101	5
chr12	33147685	33147734	uc007nip.2_5utr	+	1	0,	49	49	2
chr12	33147685	33147734	uc007nio.2_5utr	+	1	0,	49	49	2
chr12	33147685	33147734	uc007nin.2_5utr	+	1	0,	49	49	2
chr12	33302514	33325927	uc007niq.2_5utr	+	2	0,23396,	114,17	131	7
chr12	33315417	33325927	uc007nir.1_5utr	+	2	0,10493,	62,17	79	4
chr12	33345304	33358779	uc007nis.2_5utr	+	2	0,13351,	784,124	908	45
chr12	33394853	33395089	uc007nit.2_5utr	+	1	0,	236	236	12
chr12	33429623	33429654	uc007niu.1_5utr	+	1	0,	31	31	2
chr12	33928424	33928489	uc007niv.1_5utr	+	1	0,	65	65	3
chr12	33957670	33957977	uc007niw.1_5utr	+	1	0,	307	307	15
chr12	34248379	34248645	uc007nix.1_5utr	-	1	0,	266	266	13
chr12	34528304	34528345	uc007nja.1_5utr	-	1	0,	41	41	2
chr12	34528304	34528889	uc007njc.2_5utr	-	2	0,295,	41,290	331	17
chr12	34528304	34528345	uc007njb.1_5utr	-	1	0,	41	41	2
chr12	34827658	34917095	uc007niy.2_5utr	-	3	0,87340,89395,	95,72,42	209	10
chr12	34827658	34906979	uc007njd.1_5utr	-	3	0,33686,78953,	95,92,368	555	28
chr12	34984760	34984887	uc007nje.1_5utr	+	1	0,	127	127	6
chr12	35047188	35047396	uc011ylj.1_5utr	+	1	0,	208	208	10
chr12	35047188	35078913	uc011yli.1_5utr	+	2	0,31711,	223,14	237	12
chr12	35047188	35047396	uc007njf.2_5utr	+	1	0,	208	208	10
chr12	35047188	35047396	uc007njg.2_5utr	+	1	0,	208	208	10
chr12	35085938	35085950	uc007njh.2_5utr	+	1	0,	12	12	1
chr12	35526683	35534989	uc011yll.1_5utr	-	2	0,7878,	185,428	613	31
chr12	35534623	35534989	uc007nji.1_5utr	-	1	0,	366	366	18
chr12	35925620	35928289	uc007njl.2_5utr	+	2	0,2639,	107,30	137	7
chr12	35992924	35995516	uc007njm.1_5utr	+	2	0,2585,	45,7	52	3
chr12	36042313	36042478	uc007njn.1_5utr	-	1	0,	165	165	8
chr12	36090378	36090481	uc007njo.1_5utr	+	1	0,	103	103	5
chr12	36134948	36156825	uc007njr.3_5utr	-	2	0,21719,	7,158	165	8
chr12	36134948	36156825	uc007njq.2_5utr	-	2	0,21719,	7,158	165	8
chr12	36134948	36156825	uc007njp.2_5utr	-	2	0,21719,	7,158	165	8
chr12	36157123	36157356	uc007njs.2_5utr	+	1	0,	233	233	12
chr12	36157123	36157356	uc007njt.2_5utr	+	1	0,	233	233	12
chr12	36167325	36170454	uc007nju.1_5utr	+	1	0,	3129	3129	156
chr12	36212691	36218202	uc007njv.1_5utr	-	3	0,1635,5479,	26,90,32	148	7
chr12	36221530	36253398	uc007njw.1_5utr	-	5	0,1219,21742,26068,31689,	71,82,70,93,179	495	25
chr12	36314168	36314293	uc007njx.2_5utr	+	1	0,	125	125	6
chr12	36381449	36381773	uc007njz.3_5utr	+	1	0,	324	324	16
chr12	36381449	36381773	uc007njy.3_5utr	+	1	0,	324	324	16
chr12	36381449	36381773	uc007nkc.3_5utr	+	1	0,	324	324	16
chr12	36381449	36381773	uc007nkb.3_5utr	+	1	0,	324	324	16
chr12	36382146	36390391	uc007nke.3_5utr	+	2	0,8199,	157,46	203	10
chr12	36382146	36390391	uc007nkd.1_5utr	+	2	0,8199,	157,46	203	10
chr12	37108545	37108830	uc007nkf.1_5utr	+	1	0,	285	285	14
chr12	37241638	37242041	uc007nkh.1_5utr	+	1	0,	403	403	20
chr12	37241638	37242041	uc007nkg.1_5utr	+	1	0,	403	403	20
chr12	37880173	37981940	uc007nki.1_5utr	+	2	0,101581,	245,186	431	22
chr12	37880173	37981940	uc007nkj.1_5utr	+	2	0,101581,	245,186	431	22
chr12	37880704	37981940	uc007nkk.1_5utr	+	2	0,101050,	250,186	436	22
chr12	37880704	37981940	uc007nkl.1_5utr	+	2	0,101050,	250,186	436	22
chr12	38019179	38100393	uc007nkm.1_5utr	+	4	0,721,64987,81184,	120,112,77,30	339	17
chr12	38084166	38100393	uc007nkn.1_5utr	+	3	0,3406,16197,	77,21,30	128	6
chr12	38780257	38780934	uc033gdb.1_5utr	+	2	0,590,	164,87	251	13
chr12	38780847	38780934	uc033gdc.1_5utr	+	1	0,	87	87	4
chr12	38783710	38783741	uc033gdd.1_5utr	+	1	0,	31	31	2
chr12	38783710	38783741	uc033gde.1_5utr	+	1	0,	31	31	2
chr12	40036746	40037987	uc007nkt.1_5utr	-	2	0,1091,	87,150	237	12
chr12	40036746	40037376	uc007nks.1_5utr	-	2	0,516,	87,114	201	10
chr12	40134108	40134228	uc007nkw.2_5utr	-	1	0,	120	120	6
chr12	40134108	40134228	uc011yln.1_5utr	-	1	0,	120	120	6
chr12	40185415	40199315	uc007nkx.1_5utr	-	2	0,13791,	5,109	114	6
chr12	40185415	40199315	uc011ylo.1_5utr	-	2	0,13791,	5,109	114	6
chr12	40185415	40199315	uc011ylp.1_5utr	-	2	0,13791,	5,109	114	6
chr12	40222956	40223189	uc007nky.2_5utr	-	1	0,	233	233	12
chr12	40445759	40445790	uc007nlb.2_5utr	-	1	0,	31	31	2
chr12	40445759	40445790	uc007nla.2_5utr	-	1	0,	31	31	2
chr12	40446052	40446357	uc007nlf.1_5utr	+	1	0,	305	305	15
chr12	40446052	40446357	uc007nlh.1_5utr	+	1	0,	305	305	15
chr12	40446052	40446357	uc007nld.1_5utr	+	1	0,	305	305	15
chr12	40446052	40446357	uc007nle.1_5utr	+	1	0,	305	305	15
chr12	40446052	40446357	uc007nlk.2_5utr	+	1	0,	305	305	15
chr12	40446052	40446357	uc007nlg.1_5utr	+	1	0,	305	305	15
chr12	40446052	40446357	uc007nlc.1_5utr	+	1	0,	305	305	15
chr12	40787591	40788313	uc007nli.1_5utr	+	1	0,	722	722	36
chr12	40790075	40790111	uc007nlj.1_5utr	+	1	0,	36	36	2
chr12	40794233	40794321	uc029rsa.1_5utr	+	1	0,	88	88	4
chr12	41024089	41068311	uc029rsc.2_5utr	+	3	0,471,44220,	56,73,2	131	7
chr12	41024365	41068311	uc033gdg.1_5utr	+	2	0,43944,	268,2	270	14
chr12	41454316	41486057	uc033gdi.1_5utr	-	2	0,31259,	355,482	837	42
chr12	41454316	41486057	uc007nln.2_5utr	-	2	0,31254,	355,487	842	42
chr12	41454316	41486057	uc033gdh.1_5utr	-	3	0,4650,31254,	355,29,487	871	44
chr12	44208303	44210068	uc007nlo.1_5utr	-	2	0,1636,	10,129	139	7
chr12	44221355	44221742	uc029rsg.1_5utr	+	1	0,	387	387	19
chr12	44221370	44283320	uc007nlp.1_5utr	+	5	0,9185,9849,33214,61940,	90,57,211,189,10	557	28
chr12	44269153	44282666	uc007nlq.1_5utr	+	2	0,13424,	148,89	237	12
chr12	44299233	44299255	uc007nlr.1_5utr	+	1	0,	22	22	1
chr12	44328884	44532553	uc007nlu.2_5utr	+	4	0,59015,127740,203573,	212,156,78,96	542	27
chr12	44328884	44532568	uc007nlt.2_5utr	+	4	0,59015,127740,203573,	212,156,78,111	557	28
chr12	44328884	44532568	uc007nls.2_5utr	+	4	0,59015,127740,203573,	212,156,78,111	557	28
chr12	44328884	44532553	uc007nlv.2_5utr	+	4	0,59015,127740,203573,	212,156,78,96	542	27
chr12	44439083	44532568	uc007nlw.1_5utr	+	3	0,17541,93374,	68,78,111	257	13
chr12	44576603	44590109	uc007nlz.2_5utr	+	3	0,1541,13504,	177,36,2	215	11
chr12	44583045	44584899	uc007nma.2_5utr	+	3	0,621,1789,	378,126,65	569	28
chr12	44584834	44584899	uc007nmb.2_5utr	+	1	0,	65	65	3
chr12	45019620	45074483	uc007nmc.1_5utr	-	2	0,54574,	35,289	324	16
chr12	46818751	46818775	uc007nme.2_5utr	-	1	0,	24	24	1
chr12	46818751	46818775	uc007nmd.2_5utr	-	1	0,	24	24	1
chr12	49382882	49384485	uc011ylr.1_5utr	+	1	0,	1603	1603	80
chr12	49383006	49384485	uc007nmf.2_5utr	+	2	0,1294,	380,185	565	28
chr12	49385173	49385226	uc007nmg.1_5utr	+	1	0,	53	53	3
chr12	50648973	50649223	uc007nmj.1_5utr	-	1	0,	250	250	12
chr12	51348229	51351408	uc007nmm.2_5utr	+	2	0,3175,	215,4	219	11
chr12	51348229	51351408	uc011yls.1_5utr	+	2	0,3175,	215,4	219	11
chr12	51348229	51351408	uc007nml.2_5utr	+	2	0,3175,	215,4	219	11
chr12	51377579	51377584	uc007nmp.1_5utr	+	1	0,	5	5	0
chr12	51377579	51377584	uc007nmq.1_5utr	+	1	0,	5	5	0
chr12	51377579	51377584	uc007nmo.1_5utr	+	1	0,	5	5	0
chr12	51593340	51593623	uc007nmr.2_5utr	+	2	0,264,	65,19	84	4
chr12	51593340	51593623	uc007nms.2_5utr	+	1	0,	283	283	14
chr12	51690965	51717012	uc007nmv.2_5utr	+	2	0,25976,	349,71	420	21
chr12	51690965	51717012	uc007nmw.2_5utr	+	2	0,25976,	349,71	420	21
chr12	51691703	51691914	uc007nmt.2_5utr	-	1	0,	211	211	11
chr12	51691703	51691914	uc007nmu.2_5utr	-	1	0,	211	211	11
chr12	51764245	51765231	uc007nmy.1_5utr	-	1	0,	986	986	49
chr12	51827491	51829536	uc007nmz.2_5utr	-	2	0,1711,	22,334	356	18
chr12	51916166	51939950	uc007nna.1_5utr	-	9	0,2417,4223,5171,8831,9087,14024,21904,23404,	90,157,188,106,176,164,110,100,380	1471	74
chr12	51961558	51971321	uc007nnb.1_5utr	-	2	0,9644,	86,119	205	10
chr12	51961558	51971321	uc007nnc.1_5utr	-	2	0,9644,	86,119	205	10
chr12	52006485	52006501	uc007nnd.1_5utr	-	1	0,	16	16	1
chr12	52006485	52006501	uc007nne.1_5utr	-	1	0,	16	16	1
chr12	52024254	52028063	uc007nnf.1_5utr	-	2	0,3679,	6,130	136	7
chr12	52097745	52097783	uc007nnh.2_5utr	+	1	0,	38	38	2
chr12	52097745	52097783	uc007nng.2_5utr	+	1	0,	38	38	2
chr12	52503971	52516247	uc007nni.1_5utr	+	2	0,12107,	77,169	246	12
chr12	52516078	52516247	uc007nnk.1_5utr	+	1	0,	169	169	8
chr12	52699382	52795870	uc007nnm.1_5utr	+	2	0,96454,	60,34	94	5
chr12	52795836	52795879	uc011ylu.1_5utr	+	1	0,	43	43	2
chr12	52854720	52886458	uc007nnn.1_5utr	+	3	0,25918,31588,	271,252,150	673	34
chr12	53253024	53253045	uc033gdn.1_5utr	+	1	0,	21	21	1
chr12	54203561	54203874	uc007nns.2_5utr	-	1	0,	313	313	16
chr12	54656483	54656572	uc007nnt.1_5utr	-	1	0,	89	89	4
chr12	54695784	54695865	uc007nnu.1_5utr	-	1	0,	81	81	4
chr12	54695784	54695865	uc011ylx.1_5utr	-	1	0,	81	81	4
chr12	54795653	54795662	uc007nnv.1_5utr	-	1	0,	9	9	0
chr12	54795653	54795662	uc007nnw.1_5utr	-	1	0,	9	9	0
chr12	54862746	54862877	uc007nnx.1_5utr	-	1	0,	131	131	7
chr12	54985778	54986336	uc007nnz.2_5utr	-	2	0,383,	29,175	204	10
chr12	55080077	55080110	uc007nod.1_5utr	-	1	0,	33	33	2
chr12	55080077	55080110	uc007noe.1_5utr	-	1	0,	33	33	2
chr12	55080495	55089201	uc007nof.1_5utr	+	2	0,8674,	241,32	273	14
chr12	55124527	55124641	uc007nog.1_5utr	+	1	0,	114	114	6
chr12	55155103	55164261	uc007noh.1_5utr	+	2	0,9126,	477,32	509	25
chr12	55199591	55199705	uc007noj.1_5utr	+	1	0,	114	114	6
chr12	55230167	55239325	uc007nol.2_5utr	+	2	0,9126,	477,32	509	25
chr12	55230167	55239325	uc007nok.2_5utr	+	2	0,9126,	477,32	509	25
chr12	55302636	55303907	uc007nop.2_5utr	+	1	0,	1271	1271	64
chr12	55302636	55303907	uc007noo.2_5utr	+	1	0,	1271	1271	64
chr12	55302651	55303000	uc007nom.1_5utr	-	2	0,263,	144,86	230	12
chr12	55302651	55302795	uc007non.1_5utr	-	1	0,	144	144	7
chr12	55398824	55398915	uc007noq.2_5utr	+	1	0,	91	91	5
chr12	55492526	55492647	uc007nor.2_5utr	-	1	0,	121	121	6
chr12	55565204	55565291	uc007nos.3_5utr	+	1	0,	87	87	4
chr12	55598916	55599472	uc007not.1_5utr	+	1	0,	556	556	28
chr12	55693429	55693783	uc007now.1_5utr	-	1	0,	354	354	18
chr12	55820767	55821516	uc007nox.2_5utr	-	1	0,	749	749	37
chr12	55820767	55821516	uc007nou.2_5utr	-	1	0,	749	749	37
chr12	55820767	55821516	uc007nov.2_5utr	-	1	0,	749	749	37
chr12	55820767	55821516	uc011ymb.2_5utr	-	1	0,	749	749	37
chr12	55820767	55821516	uc007noy.2_5utr	-	1	0,	749	749	37
chr12	55836365	55836503	uc007noz.1_5utr	+	1	0,	138	138	7
chr12	55836365	55836503	uc007npa.1_5utr	+	1	0,	138	138	7
chr12	56345800	56345894	uc007npc.2_5utr	-	1	0,	94	94	5
chr12	56535060	56535106	uc007npf.3_5utr	-	1	0,	46	46	2
chr12	56535060	56536908	uc007npg.3_5utr	-	2	0,1248,	13,600	613	31
chr12	56613059	56613284	uc007nph.1_5utr	-	1	0,	225	225	11
chr12	56695638	56695860	uc007npi.1_5utr	+	1	0,	222	222	11
chr12	56980364	56980393	uc007npk.1_5utr	-	1	0,	29	29	1
chr12	57159244	57160643	uc011ymc.1_5utr	-	2	0,1360,	30,39	69	3
chr12	57196939	57197472	uc007npj.2_5utr	-	1	0,	533	533	27
chr12	57230411	57238425	uc007npl.2_5utr	+	2	0,7951,	200,63	263	13
chr12	57230411	57303417	uc007npm.1_5utr	+	2	0,72933,	200,73	273	14
chr12	57230411	57325573	uc007npo.1_5utr	+	4	0,75599,76947,95112,	200,127,106,50	483	24
chr12	57230411	57303417	uc007npn.1_5utr	+	2	0,72933,	200,73	273	14
chr12	57230411	57325573	uc007npp.1_5utr	+	4	0,75599,76947,95112,	200,127,106,50	483	24
chr12	57230411	57303417	uc007npq.2_5utr	+	2	0,72933,	200,73	273	14
chr12	57307344	57325573	uc007npr.1_5utr	+	2	0,18179,	120,50	170	8
chr12	57545735	57546121	uc007nps.1_5utr	-	1	0,	386	386	19
chr12	57564114	57575816	uc007npt.1_5utr	+	2	0,11687,	128,15	143	7
chr12	58211803	58212592	uc007npu.1_5utr	+	2	0,442,	78,347	425	21
chr12	58268834	58269258	uc007npv.2_5utr	-	1	0,	424	424	21
chr12	59007210	59012017	uc007npw.1_5utr	-	2	0,4635,	25,172	197	10
chr12	59013392	59013476	uc007npx.2_5utr	+	1	0,	84	84	4
chr12	59051675	59061461	uc007npz.2_5utr	-	3	0,7580,9480,	33,256,306	595	30
chr12	59061236	59061461	uc007npy.1_5utr	-	1	0,	225	225	11
chr12	59066918	59067002	uc007nqb.1_5utr	+	1	0,	84	84	4
chr12	59066918	59067002	uc007nqa.1_5utr	+	1	0,	84	84	4
chr12	59129745	59136134	uc007nqe.2_5utr	+	2	0,6318,	151,71	222	11
chr12	59129745	59129869	uc007nqf.2_5utr	+	1	0,	124	124	6
chr12	59129745	59129869	uc007nqd.2_5utr	+	1	0,	124	124	6
chr12	59129745	59129869	uc007nqg.2_5utr	+	1	0,	124	124	6
chr12	59131452	59131544	uc007nqi.2_5utr	+	1	0,	92	92	5
chr12	59131452	59131544	uc007nqh.1_5utr	+	1	0,	92	92	5
chr12	59204929	59205689	uc007nqj.2_5utr	-	1	0,	760	760	38
chr12	59219479	59219483	uc007nqk.2_5utr	-	1	0,	4	4	0
chr12	61524631	61839427	uc007nqn.1_5utr	+	3	0,144848,314776,	199,175,20	394	20
chr12	61524631	61839427	uc007nqm.1_5utr	+	3	0,144848,314776,	199,175,20	394	20
chr12	64474690	64474898	uc011yme.1_5utr	-	1	0,	208	208	10
chr12	64917910	64920805	uc007nqo.1_5utr	+	2	0,2894,	281,1	282	14
chr12	64965408	64965536	uc007nqq.1_5utr	-	1	0,	128	128	6
chr12	64965408	64965536	uc007nqp.1_5utr	-	1	0,	128	128	6
chr12	64965741	64965976	uc007nqv.2_5utr	+	1	0,	235	235	12
chr12	64965741	64965976	uc007nqs.2_5utr	+	1	0,	235	235	12
chr12	64965741	64965976	uc007nqu.2_5utr	+	1	0,	235	235	12
chr12	64965741	64965976	uc007nqt.2_5utr	+	1	0,	235	235	12
chr12	65036333	65042489	uc007nqw.1_5utr	+	2	0,6127,	135,29	164	8
chr12	65043002	65043790	uc007nqy.1_5utr	+	3	0,540,712,	355,69,76	500	25
chr12	65053970	65055649	uc007nra.1_5utr	+	4	0,1185,1463,1644,	108,165,100,35	408	20
chr12	65073922	65073938	uc007nrb.1_5utr	-	1	0,	16	16	1
chr12	65075605	65075705	uc007nrd.1_5utr	+	1	0,	100	100	5
chr12	65075605	65075705	uc007nrf.1_5utr	+	1	0,	100	100	5
chr12	65075605	65075705	uc007nre.1_5utr	+	1	0,	100	100	5
chr12	65075605	65102684	uc011ymf.1_5utr	+	13	0,1436,7426,12552,15313,16750,18047,19265,20115,21696,23642,25914,26956,	572,173,78,159,132,133,117,87,185,207,205,193,123	2364	118
chr12	65075605	65075705	uc007nrc.1_5utr	+	1	0,	100	100	5
chr12	65149182	65152890	uc007nrh.1_5utr	-	2	0,3505,	368,203	571	29
chr12	65161937	65172580	uc011ymg.1_5utr	-	2	0,10511,	91,132	223	11
chr12	65161937	65172580	uc007nrg.2_5utr	-	2	0,10511,	91,132	223	11
chr12	65161937	65172580	uc007nri.1_5utr	-	2	0,10511,	91,132	223	11
chr12	65225516	65225764	uc007nrk.1_5utr	+	1	0,	248	248	12
chr12	66284357	66284401	uc011ymh.1_5utr	-	1	0,	44	44	2
chr12	66716633	67222549	uc011ymi.1_5utr	-	5	0,6299,80994,152033,504336,	102,197,170,140,1580	2189	109
chr12	67221042	67222549	uc007nrm.3_5utr	-	1	0,	1507	1507	75
chr12	67221042	67222549	uc007nrl.3_5utr	-	1	0,	1507	1507	75
chr12	69159058	69159186	uc007nrp.2_5utr	-	1	0,	128	128	6
chr12	69168813	69168855	uc007nrr.1_5utr	+	1	0,	42	42	2
chr12	69168813	69168855	uc007nrq.1_5utr	+	1	0,	42	42	2
chr12	69183136	69184067	uc007nrs.2_5utr	-	2	0,846,	29,85	114	6
chr12	69184157	69184653	uc011ymy.1_5utr	+	1	0,	496	496	25
chr12	69198285	69198429	uc007nrt.1_5utr	-	1	0,	144	144	7
chr12	69198285	69198429	uc011ymx.1_5utr	-	1	0,	144	144	7
chr12	69209894	69212271	uc011yna.1_5utr	-	3	0,1478,2328,	100,73,49	222	11
chr12	69228164	69228190	uc007nrw.1_5utr	-	1	0,	26	26	1
chr12	69228164	69228190	uc007nrv.1_5utr	-	1	0,	26	26	1
chr12	69241831	69241917	uc007nrx.1_5utr	+	1	0,	86	86	4
chr12	69296680	69296994	uc007nsa.2_5utr	+	1	0,	314	314	16
chr12	69296680	69296994	uc007nry.2_5utr	+	1	0,	314	314	16
chr12	69296680	69296994	uc007nrz.2_5utr	+	1	0,	314	314	16
chr12	69296835	69297001	uc056yqr.1_5utr	+	1	0,	166	166	8
chr12	69302323	69302360	uc007nsb.1_5utr	+	1	0,	37	37	2
chr12	69322414	69323652	uc007nsd.1_5utr	-	1	0,	1238	1238	62
chr12	69324289	69324352	uc007nsf.1_5utr	-	1	0,	63	63	3
chr12	69357109	69357176	uc007nse.2_5utr	-	1	0,	67	67	3
chr12	69357109	69357176	uc007nsg.2_5utr	-	1	0,	67	67	3
chr12	69357109	69357176	uc007nsh.2_5utr	-	1	0,	67	67	3
chr12	69372149	69372793	uc007nsj.1_5utr	+	2	0,174,	74,470	544	27
chr12	69582986	69583028	uc007nsl.1_5utr	-	1	0,	42	42	2
chr12	69585545	69586730	uc007nsn.2_5utr	-	2	0,1063,	87,122	209	10
chr12	69681601	69681852	uc007nso.2_5utr	-	1	0,	251	251	13
chr12	69724796	69724874	uc011ynb.1_5utr	-	1	0,	78	78	4
chr12	69724961	69737957	uc007nss.1_5utr	+	3	0,493,12989,	53,100,7	160	8
chr12	69724961	69737954	uc007nsr.1_5utr	+	2	0,12989,	53,4	57	3
chr12	69790154	69790707	uc007nst.1_5utr	-	2	0,488,	110,65	175	9
chr12	69856828	69874334	uc007nsw.1_5utr	-	2	0,17448,	35,58	93	5
chr12	69856828	69893163	uc011ynf.1_5utr	-	2	0,35824,	35,511	546	27
chr12	69892760	69893163	uc011yne.1_5utr	-	1	0,	403	403	20
chr12	69892760	69893163	uc007nsx.1_5utr	-	1	0,	403	403	20
chr12	69892760	69893163	uc007nsu.1_5utr	-	1	0,	403	403	20
chr12	69893104	69907958	uc007nsy.2_5utr	+	2	0,14700,	240,154	394	20
chr12	69958405	69959142	uc007ntb.2_5utr	+	1	0,	737	737	37
chr12	69959040	69959142	uc007ntc.2_5utr	+	1	0,	102	102	5
chr12	69986767	69987002	uc007nte.2_5utr	-	1	0,	235	235	12
chr12	70054892	70112035	uc007nti.2_5utr	-	8	0,414,6258,7796,23219,35643,47758,56961,	79,1492,191,40,170,82,204,182	2440	122
chr12	70102833	70112035	uc007ntg.2_5utr	-	3	0,8602,9020,	21,47,182	250	12
chr12	70102833	70112035	uc007ntj.2_5utr	-	3	0,8602,9020,	21,47,182	250	12
chr12	70102833	70112035	uc011ynh.2_5utr	-	2	0,9020,	21,182	203	10
chr12	70102833	70103360	uc007ntk.1_5utr	-	2	0,321,	21,206	227	11
chr12	70102833	70112035	uc007nth.2_5utr	-	3	0,8602,9020,	21,47,182	250	12
chr12	70102833	70102854	uc007ntf.1_5utr	-	1	0,	21	21	1
chr12	70227583	70227683	uc007ntm.2_5utr	-	1	0,	100	100	5
chr12	70281886	70290393	uc007ntt.1_5utr	-	2	0,8384,	57,123	180	9
chr12	70347168	70347614	uc011ynl.1_5utr	-	1	0,	446	446	22
chr12	70347168	70347614	uc007nts.2_5utr	-	1	0,	446	446	22
chr12	70347168	70347614	uc007ntq.3_5utr	-	1	0,	446	446	22
chr12	70347168	70347614	uc011ynk.1_5utr	-	1	0,	446	446	22
chr12	70347168	70347614	uc011ynj.2_5utr	-	1	0,	446	446	22
chr12	70347168	70347614	uc007ntr.2_5utr	-	1	0,	446	446	22
chr12	70347168	70347614	uc007nto.3_5utr	-	1	0,	446	446	22
chr12	70347168	70347614	uc007ntp.3_5utr	-	1	0,	446	446	22
chr12	70453153	70453168	uc007ntu.1_5utr	+	1	0,	15	15	1
chr12	70825513	70864043	uc007ntv.1_5utr	+	2	0,38363,	60,167	227	11
chr12	70825688	70864043	uc007ntw.1_5utr	+	2	0,38188,	445,167	612	31
chr12	70871524	70871598	uc007ntx.1_5utr	+	1	0,	74	74	4
chr12	70937856	70937954	uc007nty.2_5utr	+	1	0,	98	98	5
chr12	70974622	70974746	uc007ntz.2_5utr	+	1	0,	124	124	6
chr12	70974622	70983439	uc007nua.2_5utr	+	3	0,4110,8696,	145,107,121	373	19
chr12	71015966	71047249	uc011ynm.1_5utr	+	10	0,1124,3407,6226,7533,21143,21304,29057,30147,31227,	195,58,111,66,91,80,95,80,77,56	909	45
chr12	71015966	71017142	uc007nud.1_5utr	+	2	0,1124,	195,52	247	12
chr12	71016707	71017142	uc007nue.1_5utr	+	1	0,	435	435	22
chr12	71048362	71060121	uc007nuf.1_5utr	+	2	0,11699,	212,60	272	14
chr12	71111427	71111444	uc007nug.1_5utr	+	1	0,	17	17	1
chr12	71126371	71136675	uc007nuk.1_5utr	-	3	0,5629,10183,	26,86,121	233	12
chr12	71126371	71136675	uc007nui.1_5utr	-	4	0,5629,6135,10183,	26,86,136,121	369	18
chr12	71126371	71136675	uc007nuh.1_5utr	-	4	0,5629,7528,10183,	26,86,98,121	331	17
chr12	71126371	71136675	uc007nuj.1_5utr	-	2	0,10183,	26,121	147	7
chr12	71136552	71136635	uc007num.1_5utr	-	1	0,	83	83	4
chr12	71136847	71137839	uc007nuo.2_5utr	+	1	0,	992	992	50
chr12	71136847	71137839	uc007nun.2_5utr	+	1	0,	992	992	50
chr12	71309883	71309983	uc007nuq.2_5utr	+	1	0,	100	100	5
chr12	71309883	71309983	uc007nup.2_5utr	+	1	0,	100	100	5
chr12	71831067	71895763	uc007nuw.2_5utr	+	2	0,64659,	264,37	301	15
chr12	71831067	71895763	uc007nuy.2_5utr	+	2	0,64659,	264,37	301	15
chr12	71831067	71895763	uc007nux.2_5utr	+	2	0,64659,	129,37	166	8
chr12	71831067	71895763	uc007nuz.2_5utr	+	2	0,64659,	129,37	166	8
chr12	71889542	71895763	uc007nva.2_5utr	+	2	0,6184,	296,37	333	17
chr12	71977630	71977725	uc007nvb.2_5utr	+	1	0,	95	95	5
chr12	72085156	72085313	uc007nvd.1_5utr	-	1	0,	157	157	8
chr12	72085156	72085313	uc007nve.1_5utr	-	1	0,	157	157	8
chr12	72085838	72086179	uc007nvf.2_5utr	+	1	0,	341	341	17
chr12	72085838	72086179	uc007nvg.2_5utr	+	1	0,	341	341	17
chr12	72184983	72185029	uc007nvh.2_5utr	-	1	0,	46	46	2
chr12	72236589	72236727	uc007nvj.2_5utr	-	1	0,	138	138	7
chr12	72408551	72409054	uc007nvk.2_5utr	-	1	0,	503	503	25
chr12	72408551	72409054	uc033gdv.1_5utr	-	1	0,	503	503	25
chr12	72441865	72449352	uc007nvn.2_5utr	+	2	0,7454,	303,33	336	17
chr12	72441865	72449352	uc007nvl.2_5utr	+	2	0,7454,	303,33	336	17
chr12	72441865	72449352	uc007nvm.2_5utr	+	2	0,7454,	303,33	336	17
chr12	72442248	72449352	uc007nvp.2_5utr	+	2	0,7071,	222,33	255	13
chr12	72442248	72449352	uc007nvo.2_5utr	+	2	0,7071,	222,33	255	13
chr12	72536356	72541419	uc007nvr.1_5utr	+	2	0,5018,	183,45	228	11
chr12	72536356	72541419	uc007nvq.1_5utr	+	2	0,5018,	183,45	228	11
chr12	72664761	72664828	uc007nvs.2_5utr	-	1	0,	67	67	3
chr12	72761210	72783702	uc007nvu.2_5utr	+	2	0,22472,	421,20	441	22
chr12	72761210	72783702	uc007nvt.2_5utr	+	2	0,22472,	421,20	441	22
chr12	72783682	72783702	uc011yno.1_5utr	+	1	0,	20	20	1
chr12	72916871	72917765	uc007nvv.1_5utr	-	2	0,836,	8,58	66	3
chr12	72916871	72916879	uc011ynp.1_5utr	-	1	0,	8	8	0
chr12	72939721	72940772	uc007nvw.1_5utr	-	2	0,977,	58,74	132	7
chr12	72939721	72940083	uc007nvx.1_5utr	-	1	0,	362	362	18
chr12	72939944	72940055	uc007nvy.1_5utr	+	1	0,	111	111	6
chr12	73046426	73046712	uc007nwa.2_5utr	-	1	0,	286	286	14
chr12	73113184	73113245	uc007nwc.1_5utr	-	1	0,	61	61	3
chr12	73113184	73113245	uc007nwb.1_5utr	-	1	0,	61	61	3
chr12	73123716	73123837	uc007nwe.1_5utr	+	1	0,	121	121	6
chr12	73123716	73123837	uc007nwd.1_5utr	+	1	0,	121	121	6
chr12	73285124	73285275	uc007nwf.1_5utr	-	1	0,	151	151	8
chr12	73286688	73286711	uc007nwg.1_5utr	-	1	0,	23	23	1
chr12	73286847	73286924	uc007nwh.3_5utr	+	1	0,	77	77	4
chr12	73286847	73286924	uc011yns.2_5utr	+	1	0,	77	77	4
chr12	73546339	73546395	uc007nwm.1_5utr	-	1	0,	56	56	3
chr12	73585040	73594140	uc011ynt.1_5utr	+	2	0,9027,	485,73	558	28
chr12	73585040	73585162	uc007nwn.1_5utr	+	1	0,	122	122	6
chr12	73901374	73926557	uc007nwo.2_5utr	+	2	0,25182,	124,1	125	6
chr12	73907866	73908289	uc007nwp.2_5utr	+	1	0,	423	423	21
chr12	73907866	73908289	uc007nwr.2_5utr	+	1	0,	423	423	21
chr12	73907866	73908289	uc007nwq.2_5utr	+	1	0,	423	423	21
chr12	73964529	73964561	uc007nwt.1_5utr	+	1	0,	32	32	2
chr12	73997760	74162368	uc007nwv.1_5utr	+	3	0,131611,164295,	103,180,313	596	30
chr12	73997760	73997850	uc007nwu.1_5utr	+	1	0,	90	90	4
chr12	74297473	74298802	uc007nwy.1_5utr	+	1	0,	1329	1329	66
chr12	75176528	75177332	uc007nwz.2_5utr	-	1	0,	804	804	40
chr12	75308312	75308823	uc007nxc.1_5utr	+	1	0,	511	511	26
chr12	75308312	75308823	uc007nxb.1_5utr	+	1	0,	511	511	26
chr12	75308312	75308823	uc007nxa.1_5utr	+	1	0,	511	511	26
chr12	75415813	75416781	uc007nxd.1_5utr	-	2	0,855,	1,113	114	6
chr12	75593325	75596200	uc007nxf.1_5utr	-	2	0,2309,	7,566	573	29
chr12	75593325	75596200	uc007nxh.1_5utr	-	2	0,2309,	7,566	573	29
chr12	75593325	75596200	uc007nxe.1_5utr	-	2	0,2309,	7,566	573	29
chr12	75633478	75669537	uc007nxj.2_5utr	-	2	0,35993,	30,66	96	5
chr12	75735563	75735729	uc007nxl.2_5utr	-	1	0,	166	166	8
chr12	75735563	75735729	uc007nxk.2_5utr	-	1	0,	166	166	8
chr12	75818317	75854068	uc007nxm.1_5utr	+	2	0,35703,	161,48	209	10
chr12	75818317	75854068	uc011ynv.1_5utr	+	3	0,9284,35703,	161,191,48	400	20
chr12	75818317	75854068	uc007nxn.1_5utr	+	2	0,35703,	161,48	209	10
chr12	75818317	75854068	uc007nxp.1_5utr	+	2	0,35703,	161,48	209	10
chr12	75818317	75854068	uc007nxo.1_5utr	+	2	0,35703,	161,48	209	10
chr12	75909175	75909210	uc007nxq.1_5utr	+	1	0,	35	35	2
chr12	76031496	76031511	uc007nxr.1_5utr	+	1	0,	15	15	1
chr12	76041347	76041395	uc007nxs.1_5utr	+	1	0,	48	48	2
chr12	76061587	76072181	uc007nxt.1_5utr	+	4	0,2505,4925,10540,	235,195,126,54	610	30
chr12	76081930	76081963	uc011ynw.1_5utr	+	1	0,	33	33	2
chr12	76167675	76177259	uc007nxv.1_5utr	-	2	0,9271,	34,313	347	17
chr12	76167675	76177259	uc007nxu.1_5utr	-	2	0,9271,	34,313	347	17
chr12	76245145	76246746	uc007nxx.2_5utr	-	2	0,1509,	213,92	305	15
chr12	76245145	76246746	uc007nxy.2_5utr	-	2	0,1509,	213,92	305	15
chr12	76255231	76255503	uc007nxz.2_5utr	+	1	0,	272	272	14
chr12	76255231	76282949	uc011yny.1_5utr	+	6	0,24172,24925,25148,25397,27656,	313,60,54,137,101,62	727	36
chr12	76324890	76327816	uc007nya.2_5utr	+	2	0,2675,	99,251	350	18
chr12	76350107	76368999	uc007nyb.1_5utr	-	3	0,5781,18737,	92,180,155	427	21
chr12	76356061	76369560	uc011ynz.1_5utr	-	2	0,13378,	7,121	128	6
chr12	76356061	76369464	uc007nyc.2_5utr	-	2	0,13276,	7,127	134	7
chr12	76370265	76385241	uc007nyd.2_5utr	+	2	0,14960,	465,16	481	24
chr12	76386191	76386225	uc007nye.1_5utr	+	1	0,	34	34	2
chr12	76404175	76404533	uc007nyf.1_5utr	+	2	0,353,	114,5	119	6
chr12	76404369	76404533	uc011yoa.1_5utr	+	1	0,	164	164	8
chr12	76417598	76417629	uc011yob.1_5utr	+	1	0,	31	31	2
chr12	76533559	76560167	uc007nyj.2_5utr	+	2	0,26569,	259,39	298	15
chr12	76533559	76560167	uc007nyk.2_5utr	+	2	0,26569,	259,39	298	15
chr12	76533559	76560167	uc007nyi.2_5utr	+	2	0,26569,	259,39	298	15
chr12	76562205	76564281	uc029rtp.1_5utr	+	5	0,1294,1549,1891,2051,	98,22,70,47,25	262	13
chr12	76569775	76572063	uc007nyn.2_5utr	+	2	0,2271,	1867,17	1884	94
chr12	76569775	76573327	uc011yod.1_5utr	+	3	0,2271,2619,	1867,23,933	2823	141
chr12	76649924	76710547	uc007nyo.1_5utr	-	2	0,60010,	54,613	667	33
chr12	76649924	76710547	uc007nyp.1_5utr	-	2	0,60010,	54,613	667	33
chr12	76765572	76765599	uc007nyr.1_5utr	+	1	0,	27	27	1
chr12	76765572	76765599	uc007nyq.1_5utr	+	1	0,	27	27	1
chr12	76795375	76795554	uc007nys.1_5utr	-	1	0,	179	179	9
chr12	76822317	76822524	uc007nyt.2_5utr	-	1	0,	207	207	10
chr12	76837466	76837507	uc007nyu.1_5utr	+	1	0,	41	41	2
chr12	76939987	76940090	uc007nyv.1_5utr	-	1	0,	103	103	5
chr12	76962025	76962248	uc007nyw.2_5utr	-	1	0,	223	223	11
chr12	76962025	76962248	uc011yoe.1_5utr	-	1	0,	223	223	11
chr12	76962025	76962248	uc007nyx.2_5utr	-	1	0,	223	223	11
chr12	77238103	77332126	uc007nyy.2_5utr	+	5	0,39257,40840,85741,93792,	96,95,89,93,231	604	30
chr12	77238103	77332126	uc007nyz.2_5utr	+	4	0,39257,85741,93792,	96,95,93,231	515	26
chr12	77238738	77332126	uc007nzb.2_5utr	+	4	0,38622,85106,93157,	515,95,93,231	934	47
chr12	77238738	77332126	uc007nza.2_5utr	+	4	0,38622,85106,93157,	515,95,93,231	934	47
chr12	77388863	77393729	uc029rtq.1_5utr	+	2	0,4859,	160,7	167	8
chr12	77410140	77410405	uc029rtr.1_5utr	+	1	0,	265	265	13
chr12	78226654	78226777	uc007nzc.2_5utr	+	1	0,	123	123	6
chr12	78226654	78226777	uc007nzd.2_5utr	+	1	0,	123	123	6
chr12	78691534	78710270	uc007nzf.2_5utr	+	3	0,7618,18735,	258,66,1	325	16
chr12	78691534	78710270	uc007nze.2_5utr	+	3	0,7618,18735,	258,61,1	320	16
chr12	78748910	78797023	uc007nzh.2_5utr	+	3	0,45334,47955,	35,89,158	282	14
chr12	78748910	78819224	uc007nzg.2_5utr	+	7	0,45334,47955,60841,68330,68714,70276,	35,89,525,209,78,147,38	1121	56
chr12	78748946	78797023	uc007nzi.2_5utr	+	3	0,45298,47919,	160,89,158	407	20
chr12	78861459	78861638	uc007nzj.1_5utr	-	1	0,	179	179	9
chr12	78862071	78866526	uc007nzk.1_5utr	+	2	0,4454,	109,1	110	6
chr12	78906932	78906938	uc007nzl.2_5utr	-	1	0,	6	6	0
chr12	78965155	78980798	uc007nzo.2_5utr	-	3	0,12605,15548,	18,181,95	294	15
chr12	78965155	79007339	uc007nzq.2_5utr	-	3	0,12605,42157,	18,181,27	226	11
chr12	78965155	78980798	uc007nzm.2_5utr	-	3	0,12605,15548,	21,181,95	297	15
chr12	78965155	78983478	uc007nzn.2_5utr	-	3	0,12605,18230,	21,181,93	295	15
chr12	78965155	79007277	uc007nzp.2_5utr	-	3	0,12605,41817,	18,181,305	504	25
chr12	79029162	79040539	uc007nzr.2_5utr	+	2	0,11329,	258,48	306	15
chr12	79089619	79089670	uc007nzt.1_5utr	-	1	0,	51	51	3
chr12	79089619	79089670	uc007nzs.2_5utr	-	1	0,	51	51	3
chr12	79089691	79103939	uc007nzu.1_5utr	-	3	0,8645,14089,	294,159,159	612	31
chr12	79130787	79130869	uc007nzv.2_5utr	+	1	0,	82	82	4
chr12	79165130	79172458	uc007nzy.2_5utr	-	2	0,7089,	9,239	248	12
chr12	79172334	79172458	uc007nzx.2_5utr	-	1	0,	124	124	6
chr12	79190785	79190944	uc007nzz.1_5utr	-	1	0,	159	159	8
chr12	79191790	79191819	uc007oaa.1_5utr	-	1	0,	29	29	1
chr12	79208913	79209040	uc007oac.1_5utr	+	1	0,	127	127	6
chr12	79208913	79209040	uc007oab.1_5utr	+	1	0,	127	127	6
chr12	79208913	79209040	uc011yog.1_5utr	+	1	0,	127	127	6
chr12	79212077	79212693	uc007oad.1_5utr	+	1	0,	616	616	31
chr12	79260948	79261591	uc007oaf.1_5utr	-	1	0,	643	643	32
chr12	79268965	79269101	uc007oag.1_5utr	-	1	0,	136	136	7
chr12	79295670	79296282	uc007oah.1_5utr	-	2	0,555,	102,57	159	8
chr12	79295670	79296282	uc007oae.1_5utr	-	2	0,555,	102,57	159	8
chr12	79297281	79300563	uc007oai.1_5utr	+	2	0,3260,	51,22	73	4
chr12	79297350	79300563	uc007oaj.1_5utr	+	2	0,3191,	33,22	55	3
chr12	80112875	80113013	uc007oal.1_5utr	-	1	0,	138	138	7
chr12	80171767	80172144	uc007oao.2_5utr	-	1	0,	377	377	19
chr12	80260091	80260371	uc007oap.2_5utr	-	1	0,	280	280	14
chr12	80260091	80260371	uc007oaq.2_5utr	-	1	0,	280	280	14
chr12	80436398	80436601	uc007oar.2_5utr	-	1	0,	203	203	10
chr12	80463094	80475768	uc007oas.2_5utr	+	2	0,12628,	186,46	232	12
chr12	80475722	80475768	uc007oat.1_5utr	+	1	0,	46	46	2
chr12	80475722	80475768	uc007oau.1_5utr	+	1	0,	46	46	2
chr12	80491655	80492587	uc007oav.2_5utr	+	1	0,	932	932	47
chr12	80518470	80519168	uc007oaw.1_5utr	+	2	0,585,	178,113	291	15
chr12	80518801	80519168	uc007oax.1_5utr	+	2	0,254,	161,113	274	14
chr12	80518989	80519168	uc007oay.1_5utr	+	1	0,	179	179	9
chr12	80643766	80643861	uc007oaz.2_5utr	-	1	0,	95	95	5
chr12	80644214	80644880	uc007obb.2_5utr	+	1	0,	666	666	33
chr12	80644214	80644880	uc011yoi.1_5utr	+	1	0,	666	666	33
chr12	80644214	80644880	uc007obc.2_5utr	+	1	0,	666	666	33
chr12	80692600	80692878	uc007obf.2_5utr	+	1	0,	278	278	14
chr12	80721731	80721989	uc007obg.2_5utr	+	1	0,	258	258	13
chr12	80759498	80760715	uc007obh.2_5utr	-	2	0,898,	28,319	347	17
chr12	80790531	80828122	uc007obj.2_5utr	+	2	0,37494,	284,97	381	19
chr12	80790531	80828122	uc007obi.2_5utr	+	2	0,37494,	284,97	381	19
chr12	80945503	80946594	uc007obp.1_5utr	+	2	0,1072,	165,19	184	9
chr12	80945503	80946594	uc007obo.1_5utr	+	2	0,1072,	169,19	188	9
chr12	80945503	80946594	uc007obq.1_5utr	+	2	0,1072,	295,19	314	16
chr12	80945503	80946594	uc007obn.1_5utr	+	2	0,1072,	169,19	188	9
chr12	80967944	80968079	uc007obs.2_5utr	-	1	0,	135	135	7
chr12	80967944	80968079	uc011yoj.1_5utr	-	1	0,	135	135	7
chr12	81026807	81027062	uc007obu.2_5utr	+	1	0,	255	255	13
chr12	81026807	81027062	uc007obt.2_5utr	+	1	0,	255	255	13
chr12	81316043	81333180	uc007obv.2_5utr	-	2	0,16597,	61,540	601	30
chr12	81316043	81333180	uc007obx.1_5utr	-	2	0,16597,	61,540	601	30
chr12	81316043	81333180	uc007obw.2_5utr	-	2	0,16597,	61,540	601	30
chr12	81379382	81379486	uc007ocb.1_5utr	-	1	0,	104	104	5
chr12	81421845	81421878	uc007ocd.1_5utr	-	1	0,	33	33	2
chr12	81484965	81485110	uc007oce.1_5utr	-	1	0,	145	145	7
chr12	81484965	81485110	uc007obz.1_5utr	-	1	0,	145	145	7
chr12	81532779	81532907	uc007ocj.2_5utr	-	1	0,	128	128	6
chr12	81532779	81532907	uc007och.2_5utr	-	1	0,	128	128	6
chr12	81532779	81532907	uc007ocf.1_5utr	-	1	0,	128	128	6
chr12	81532779	81532907	uc007oca.1_5utr	-	1	0,	128	128	6
chr12	81560986	81568474	uc007ock.1_5utr	-	2	0,7105,	125,383	508	25
chr12	81591282	81594958	uc007ocl.1_5utr	-	2	0,3657,	131,19	150	8
chr12	81631368	81631404	uc007ocm.1_5utr	+	1	0,	36	36	2
chr12	81780874	81781170	uc007ocp.2_5utr	-	1	0,	296	296	15
chr12	81780874	81781170	uc007oco.2_5utr	-	1	0,	296	296	15
chr12	81860029	81860371	uc007ocq.1_5utr	+	1	0,	342	342	17
chr12	81917664	81946971	uc011yom.1_5utr	+	3	0,10577,29266,	1716,133,41	1890	94
chr12	81917664	81918494	uc007ocs.1_5utr	+	1	0,	830	830	42
chr12	81917664	81918494	uc011yol.1_5utr	+	1	0,	830	830	42
chr12	81917664	81918494	uc007oct.1_5utr	+	1	0,	830	830	42
chr12	81975796	81983527	uc011yon.1_5utr	+	5	0,3272,5012,6095,7671,	130,59,216,259,60	724	36
chr12	82169419	82341001	uc007ocu.2_5utr	+	4	0,65043,141929,171242,	657,66,61,340	1124	56
chr12	82169445	82341001	uc007ocv.1_5utr	+	5	0,570,65017,141903,171216,	58,61,66,61,340	586	29
chr12	82170015	82341001	uc007ocw.2_5utr	+	5	0,64447,95941,141333,170646,	61,66,69,61,340	597	30
chr12	82170178	82341001	uc007ocx.1_5utr	+	5	0,64284,95778,141170,170483,	232,66,69,61,340	768	38
chr12	82311348	82341001	uc011yoo.1_5utr	+	2	0,29313,	61,340	401	20
chr12	82340661	82341001	uc007ocz.1_5utr	+	1	0,	340	340	17
chr12	82476920	82477012	uc056yrj.1_5utr	-	1	0,	92	92	5
chr12	82617037	82651828	uc007oda.2_5utr	+	2	0,34771,	346,20	366	18
chr12	82617498	82651828	uc007odb.2_5utr	+	2	0,34310,	64,20	84	4
chr12	83487708	83487736	uc007ode.2_5utr	-	1	0,	28	28	1
chr12	83487708	83487736	uc007odd.2_5utr	-	1	0,	28	28	1
chr12	83487708	83487736	uc007odc.2_5utr	-	1	0,	28	28	1
chr12	83520465	83526151	uc011yop.1_5utr	+	2	0,5678,	152,8	160	8
chr12	83526048	83526112	uc007odf.2_5utr	+	1	0,	64	64	3
chr12	83594880	83595687	uc056yrk.1_5utr	-	1	0,	807	807	40
chr12	83594880	83597147	uc007odh.1_5utr	-	2	0,2116,	438,151	589	29
chr12	83594880	83597147	uc007odi.1_5utr	-	3	0,1523,2116,	442,201,151	794	40
chr12	83594880	83597147	uc007odg.1_5utr	-	2	0,2116,	442,151	593	30
chr12	83631235	83642643	uc007odj.1_5utr	+	3	0,233,11393,	121,154,15	290	14
chr12	83632233	83642643	uc007odm.2_5utr	+	2	0,10395,	184,15	199	10
chr12	83642628	83642643	uc007odl.1_5utr	+	1	0,	15	15	1
chr12	83659413	83659494	uc011yoq.1_5utr	+	1	0,	81	81	4
chr12	83688202	83699564	uc007odp.1_5utr	+	3	0,11152,11309,	91,67,53	211	11
chr12	83688202	83699564	uc007odo.1_5utr	+	3	0,11152,11309,	91,67,53	211	11
chr12	83688562	83699564	uc007odq.1_5utr	+	3	0,10792,10949,	371,67,53	491	25
chr12	83763633	83766157	uc007ods.3_5utr	+	2	0,2518,	83,6	89	4
chr12	83763633	83766157	uc007odr.3_5utr	+	2	0,2518,	83,6	89	4
chr12	83777345	83777455	uc007odt.1_5utr	+	1	0,	110	110	6
chr12	83842343	83842358	uc007odv.2_5utr	-	1	0,	15	15	1
chr12	83842343	83921934	uc007ody.2_5utr	-	4	0,13096,34324,79474,	15,85,145,117	362	18
chr12	83842343	83842358	uc007odu.2_5utr	-	1	0,	15	15	1
chr12	83842343	83842358	uc007odw.2_5utr	-	1	0,	15	15	1
chr12	83950607	83950691	uc007odz.2_5utr	+	1	0,	84	84	4
chr12	83987860	83987901	uc011yor.1_5utr	+	1	0,	41	41	2
chr12	84009501	84009509	uc007oeb.1_5utr	+	1	0,	8	8	0
chr12	84038378	84038510	uc007oed.1_5utr	+	1	0,	132	132	7
chr12	84052150	84053484	uc007oeg.1_5utr	+	2	0,1322,	30,12	42	2
chr12	84052150	84053451	uc007oef.1_5utr	+	2	0,575,	30,726	756	38
chr12	84069324	84069466	uc007oeh.1_5utr	+	1	0,	142	142	7
chr12	84100653	84100971	uc007oei.1_5utr	+	1	0,	318	318	16
chr12	84100831	84100971	uc007oej.2_5utr	+	1	0,	140	140	7
chr12	84114327	84114396	uc011yos.1_5utr	+	1	0,	69	69	3
chr12	84114327	84124549	uc007oek.2_5utr	+	3	0,6827,10147,	72,167,75	314	16
chr12	84121154	84121317	uc011yot.1_5utr	+	1	0,	163	163	8
chr12	84147927	84148489	uc007oel.1_5utr	-	1	0,	562	562	28
chr12	84174178	84194015	uc011you.2_5utr	-	2	0,19320,	245,517	762	38
chr12	84174178	84218881	uc007oem.3_5utr	-	2	0,44596,	245,107	352	18
chr12	84285295	84292331	uc007oes.2_5utr	+	2	0,6988,	238,48	286	14
chr12	84285295	84292331	uc011yov.2_5utr	+	2	0,6988,	181,48	229	11
chr12	84285295	84302290	uc007oep.2_5utr	+	5	0,6988,9921,12715,16945,	181,85,119,197,50	632	32
chr12	84285295	84296347	uc007oer.2_5utr	+	4	0,6988,9921,10932,	181,85,119,120	505	25
chr12	84285295	84298019	uc007oeo.2_5utr	+	5	0,6988,9921,10932,12715,	181,85,119,129,9	523	26
chr12	84285295	84292331	uc007oeq.2_5utr	+	2	0,6988,	181,48	229	11
chr12	84316858	84321958	uc007oet.2_5utr	+	2	0,4953,	351,147	498	25
chr12	84316858	84331710	uc011yow.2_5utr	+	5	0,8712,10420,12943,14776,	316,219,192,151,76	954	48
chr12	84316858	84321958	uc007oew.2_5utr	+	2	0,4953,	316,147	463	23
chr12	84316858	84321958	uc007oex.2_5utr	+	2	0,4953,	316,147	463	23
chr12	84316858	84323009	uc007oev.2_5utr	+	2	0,6025,	316,126	442	22
chr12	84316858	84331710	uc007oey.2_5utr	+	7	0,4953,6025,8744,10420,12943,14776,	316,180,136,187,192,151,76	1238	62
chr12	84356548	84361821	uc011yox.1_5utr	-	2	0,5143,	1302,130	1432	72
chr12	84361745	84361821	uc007oez.1_5utr	-	1	0,	76	76	4
chr12	84361745	84361821	uc007ofa.1_5utr	-	1	0,	76	76	4
chr12	84361967	84362050	uc007ofb.2_5utr	+	1	0,	83	83	4
chr12	84368142	84371516	uc007ofc.2_5utr	+	5	0,2113,2781,2965,3308,	567,99,108,63,66	903	45
chr12	84396892	84409029	uc007ofg.2_5utr	-	4	0,2447,8513,12077,	66,73,70,60	269	13
chr12	84396892	84400934	uc007ofe.2_5utr	-	3	0,2447,3937,	66,73,105	244	12
chr12	84396892	84396982	uc007ofd.2_5utr	-	1	0,	90	90	4
chr12	84396892	84400934	uc007off.2_5utr	-	2	0,3937,	66,105	171	9
chr12	84405414	84409029	uc007ofh.2_5utr	-	2	0,3555,	61,60	121	6
chr12	84409067	84409181	uc007ofi.2_5utr	+	1	0,	114	114	6
chr12	84417199	84417335	uc007ofj.1_5utr	+	1	0,	136	136	7
chr12	84450939	84450950	uc007ofk.2_5utr	-	1	0,	11	11	1
chr12	84451507	84451512	uc007ofl.1_5utr	+	1	0,	5	5	0
chr12	84569827	84569942	uc007ofn.2_5utr	+	1	0,	115	115	6
chr12	84569827	84569942	uc007ofm.2_5utr	+	1	0,	115	115	6
chr12	84617147	84617413	uc007ofp.2_5utr	-	1	0,	266	266	13
chr12	84617320	84617466	uc007ofo.2_5utr	-	1	0,	146	146	7
chr12	84641018	84648477	uc011ypa.1_5utr	+	2	0,7458,	119,1	120	6
chr12	84642554	84648477	uc011ypb.1_5utr	+	3	0,436,5922,	293,168,1	462	23
chr12	84642895	84648477	uc007ofq.1_5utr	+	2	0,5581,	49,1	50	2
chr12	84680788	84698807	uc007ofr.1_5utr	-	2	0,17737,	64,282	346	17
chr12	84680788	84698807	uc007ofs.1_5utr	-	3	0,2427,17737,	64,102,282	448	22
chr12	84772867	84773112	uc007oft.1_5utr	-	1	0,	245	245	12
chr12	84773269	84773300	uc007ofu.2_5utr	+	1	0,	31	31	2
chr12	84773269	84773300	uc007ofv.1_5utr	+	1	0,	31	31	2
chr12	84813270	84816036	uc011ypc.1_5utr	-	2	0,2691,	92,75	167	8
chr12	84875801	84875856	uc011ype.1_5utr	+	1	0,	55	55	3
chr12	84876291	84876495	uc007ofx.1_5utr	-	1	0,	204	204	10
chr12	84876291	84876495	uc011ypd.1_5utr	-	1	0,	204	204	10
chr12	84943347	84970886	uc007ogb.2_5utr	-	3	0,7705,27281,	45,329,258	632	32
chr12	84943347	84946923	uc007ofy.1_5utr	-	2	0,3457,	45,119	164	8
chr12	84943347	84970886	uc007oga.2_5utr	-	3	0,7705,27281,	45,329,258	632	32
chr12	84970929	84970962	uc007ogc.2_5utr	+	1	0,	33	33	2
chr12	84996320	84996489	uc007oge.1_5utr	+	1	0,	169	169	8
chr12	84996320	84996489	uc007ogd.1_5utr	+	1	0,	169	169	8
chr12	85042121	85043050	uc007ogf.1_5utr	+	2	0,820,	190,109	299	15
chr12	85095427	85106431	uc033ged.1_5utr	-	2	0,10847,	188,157	345	17
chr12	85110832	85110896	uc007ogj.2_5utr	+	1	0,	64	64	3
chr12	85110857	85110896	uc007ogi.1_5utr	+	1	0,	39	39	2
chr12	85130440	85130495	uc007ogl.1_5utr	+	1	0,	55	55	3
chr12	85139555	85139989	uc007ogm.2_5utr	-	1	0,	434	434	22
chr12	85149888	85151264	uc007ogn.2_5utr	-	2	0,1274,	20,102	122	6
chr12	85149888	85151264	uc007ogo.2_5utr	-	2	0,1274,	20,102	122	6
chr12	85149888	85151264	uc007ogp.2_5utr	-	2	0,1274,	20,102	122	6
chr12	85171812	85175982	uc033gee.1_5utr	-	3	0,3943,4087,	44,40,83	167	8
chr12	85176963	85177313	uc007ogq.2_5utr	-	1	0,	350	350	18
chr12	85219512	85219561	uc007ogr.1_5utr	+	1	0,	49	49	2
chr12	85269410	85269474	uc007ogs.2_5utr	-	1	0,	64	64	3
chr12	85269410	85270591	uc056yrq.1_5utr	-	2	0,1154,	64,27	91	5
chr12	85269410	85270599	uc007ogt.2_5utr	-	2	0,1128,	64,61	125	6
chr12	85280074	85280435	uc007ogu.2_5utr	-	2	0,235,	8,126	134	7
chr12	85288590	85289570	uc007ogw.2_5utr	+	2	0,961,	195,19	214	11
chr12	85339221	85339362	uc007ogx.2_5utr	-	1	0,	141	141	7
chr12	85350901	85350920	uc007ogy.1_5utr	-	1	0,	19	19	1
chr12	85374665	85374717	uc007ogz.1_5utr	-	1	0,	52	52	3
chr12	85473900	85474039	uc007oha.2_5utr	+	1	0,	139	139	7
chr12	85599104	85608164	uc007ohb.1_5utr	+	2	0,9028,	123,32	155	8
chr12	85599415	85608164	uc007ohc.1_5utr	+	2	0,8717,	199,32	231	12
chr12	85600017	85608164	uc029ruf.1_5utr	+	2	0,8115,	115,32	147	7
chr12	85686719	85686910	uc007ohd.1_5utr	+	1	0,	191	191	10
chr12	85746538	85746851	uc007ohe.1_5utr	+	1	0,	313	313	16
chr12	85822220	85824545	uc007ohf.1_5utr	-	2	0,2250,	28,75	103	5
chr12	85824672	85826550	uc007ohg.1_5utr	+	1	0,	1878	1878	94
chr12	85824949	85826550	uc007ohh.2_5utr	+	2	0,1503,	137,98	235	12
chr12	85824949	85826550	uc007ohj.2_5utr	+	2	0,1503,	137,98	235	12
chr12	85826452	85826550	uc011yph.1_5utr	+	1	0,	98	98	5
chr12	85917674	85917714	uc011ypi.1_5utr	+	1	0,	40	40	2
chr12	86077932	86079041	uc007ohn.2_5utr	-	1	0,	1109	1109	55
chr12	86082560	86082586	uc007ohp.2_5utr	+	1	0,	26	26	1
chr12	86082560	86082586	uc007oho.2_5utr	+	1	0,	26	26	1
chr12	86241877	86244044	uc007ohr.1_5utr	+	2	0,2157,	67,10	77	4
chr12	86241877	86244044	uc007ohs.1_5utr	+	2	0,2157,	67,10	77	4
chr12	86361116	86361536	uc007oht.2_5utr	+	1	0,	420	420	21
chr12	86421643	86421914	uc007ohu.1_5utr	+	1	0,	271	271	14
chr12	86421643	86421914	uc007ohv.2_5utr	+	1	0,	271	271	14
chr12	86470116	86470158	uc007ohw.2_5utr	+	1	0,	42	42	2
chr12	86678699	86679987	uc007ohx.2_5utr	+	1	0,	1288	1288	64
chr12	86726393	86726460	uc011ypj.1_5utr	-	1	0,	67	67	3
chr12	86734368	86734654	uc011ypk.1_5utr	+	1	0,	286	286	14
chr12	86883897	86884814	uc007oia.2_5utr	-	1	0,	917	917	46
chr12	86947040	86960306	uc007oib.4_5utr	+	4	0,5703,12687,13231,	210,188,101,35	534	27
chr12	86947040	86960306	uc033geg.1_5utr	+	4	0,5703,12687,13231,	210,261,101,35	607	30
chr12	86947040	86952753	uc033geh.1_5utr	+	2	0,5703,	210,10	220	11
chr12	86947342	86952753	uc007oic.4_5utr	+	2	0,5401,	157,10	167	8
chr12	86947342	86960306	uc033gei.1_5utr	+	4	0,5401,12385,12929,	157,188,101,35	481	24
chr12	86952656	86952711	uc007oid.4_5utr	+	1	0,	55	55	3
chr12	87026563	87056453	uc007oih.1_5utr	+	3	0,26262,29824,	27,63,66	156	8
chr12	87026563	87056453	uc007oig.1_5utr	+	4	0,11878,26262,29824,	27,149,63,66	305	15
chr12	87102260	87102539	uc011ypl.1_5utr	-	1	0,	279	279	14
chr12	87102260	87102539	uc007oii.1_5utr	-	1	0,	279	279	14
chr12	87147164	87159669	uc007oil.1_5utr	+	5	0,8308,10728,11913,12475,	344,97,52,68,30	591	30
chr12	87147628	87147902	uc007oik.1_5utr	-	1	0,	274	274	14
chr12	87147628	87147902	uc007oij.1_5utr	-	1	0,	274	274	14
chr12	87147706	87159669	uc029rui.1_5utr	+	3	0,10186,11933,	138,52,30	220	11
chr12	87147706	87147829	uc007oim.2_5utr	+	1	0,	123	123	6
chr12	87200203	87200229	uc007oin.1_5utr	-	1	0,	26	26	1
chr12	87233556	87238601	uc007oio.1_5utr	-	3	0,3751,5018,	23,129,27	179	9
chr12	87264095	87264244	uc007oip.2_5utr	-	1	0,	149	149	7
chr12	87266151	87266286	uc007oiq.2_5utr	-	1	0,	135	135	7
chr12	87266151	87266286	uc007ois.2_5utr	-	1	0,	135	135	7
chr12	87266151	87266286	uc007oir.2_5utr	-	1	0,	135	135	7
chr12	87266727	87266841	uc007oit.1_5utr	+	1	0,	114	114	6
chr12	87269301	87270387	uc029ruj.1_5utr	+	1	0,	1086	1086	54
chr12	87314124	87328613	uc007oiu.1_5utr	-	2	0,14433,	62,56	118	6
chr12	87342822	87343848	uc007oiv.1_5utr	-	1	0,	1026	1026	51
chr12	87388171	87388230	uc007oiw.1_5utr	-	1	0,	59	59	3
chr12	87438449	87443839	uc007oiy.1_5utr	-	5	0,1856,2821,3193,5192,	110,109,73,138,198	628	31
chr12	87443824	87443839	uc007oix.1_5utr	-	1	0,	15	15	1
chr12	87443824	87443839	uc007ojb.1_5utr	-	1	0,	15	15	1
chr12	87443895	87443929	uc007oje.2_5utr	+	1	0,	34	34	2
chr12	87443895	87443929	uc007ojd.2_5utr	+	1	0,	34	34	2
chr12	87443918	87444017	uc007ojc.1_5utr	-	1	0,	99	99	5
chr12	87472261	87472299	uc007ojf.1_5utr	-	1	0,	38	38	2
chr12	87514315	87516896	uc011ypn.1_5utr	+	2	0,2268,	190,313	503	25
chr12	87602664	87602737	uc007oji.3_5utr	+	1	0,	73	73	4
chr12	87602664	87602737	uc029ruk.2_5utr	+	1	0,	73	73	4
chr12	87602664	87602737	uc007ojh.3_5utr	+	1	0,	73	73	4
chr12	87618867	87621599	uc007ojk.1_5utr	+	2	0,2427,	190,305	495	25
chr12	87644467	87648983	uc011ypo.2_5utr	-	2	0,4369,	192,147	339	17
chr12	87773787	87775755	uc033gem.1_5utr	-	2	0,1779,	311,189	500	25
chr12	87816576	87819320	uc007ojm.1_5utr	+	2	0,2439,	190,305	495	25
chr12	87842186	87846716	uc011ypp.2_5utr	-	2	0,4383,	192,147	339	17
chr12	87861349	87861364	uc011ypq.1_5utr	+	1	0,	15	15	1
chr12	87874071	87876584	uc007ojn.1_5utr	+	2	0,2213,	191,300	491	25
chr12	87892833	87895369	uc011ypr.1_5utr	+	2	0,2226,	159,310	469	23
chr12	87954479	87954552	uc007ojo.4_5utr	+	1	0,	73	73	4
chr12	87954479	87954552	uc007ojp.4_5utr	+	1	0,	73	73	4
chr12	88177480	88181894	uc007ojr.2_5utr	-	2	0,4259,	169,155	324	16
chr12	88181844	88181894	uc011yps.1_5utr	-	1	0,	50	50	2
chr12	88271988	88274497	uc007ojs.3_5utr	-	2	0,2321,	300,188	488	24
chr12	88286196	88287070	uc011ypt.1_5utr	-	1	0,	874	874	44
chr12	88321481	88321762	uc007ojt.1_5utr	-	1	0,	281	281	14
chr12	88360513	88368345	uc007ojv.2_5utr	+	2	0,7821,	270,11	281	14
chr12	88360513	88368345	uc007oju.2_5utr	+	2	0,7821,	82,11	93	5
chr12	88360781	88368345	uc007ojw.2_5utr	+	2	0,7553,	191,11	202	10
chr12	88722875	88795184	uc007ojy.1_5utr	+	2	0,71628,	311,681	992	50
chr12	88722875	88795184	uc007ojz.1_5utr	+	2	0,71628,	311,681	992	50
chr12	88794503	88795184	uc033ger.1_5utr	+	1	0,	681	681	34
chr12	88953389	89193105	uc007okc.2_5utr	+	4	0,1421,233632,239656,	227,101,302,60	690	34
chr12	89812482	89813399	uc007oke.3_5utr	+	1	0,	917	917	46
chr12	90738284	90738438	uc007okf.1_5utr	-	1	0,	154	154	8
chr12	91030071	91030078	uc007okj.1_5utr	-	1	0,	7	7	0
chr12	91366489	91384409	uc007okl.2_5utr	-	4	0,3572,15158,17744,	15,135,141,176	467	23
chr12	91366489	91384409	uc007okn.2_5utr	-	4	0,3591,15158,17744,	15,116,141,176	448	22
chr12	91366489	91384409	uc007oko.2_5utr	-	4	0,3572,15158,17744,	15,135,141,176	467	23
chr12	91400992	91401084	uc007okp.2_5utr	+	1	0,	92	92	5
chr12	91400992	91401084	uc007okq.2_5utr	+	1	0,	92	92	5
chr12	91586714	91590487	uc007oks.2_5utr	-	2	0,3671,	87,102	189	9
chr12	91589564	91589649	uc007okr.2_5utr	-	1	0,	85	85	4
chr12	91743693	91786436	uc007okt.2_5utr	-	2	0,42433,	185,310	495	25
chr12	91849031	91849157	uc007okx.1_5utr	-	1	0,	126	126	6
chr12	91849031	91849157	uc007oky.1_5utr	-	1	0,	126	126	6
chr12	91849031	91849157	uc007olb.1_5utr	-	1	0,	126	126	6
chr12	91849031	91849157	uc007ola.1_5utr	-	1	0,	126	126	6
chr12	91849031	91849157	uc007okz.1_5utr	-	1	0,	126	126	6
chr12	95692225	95778889	uc007olc.2_5utr	+	2	0,86281,	390,383	773	39
chr12	98259329	98259459	uc007olf.2_5utr	-	1	0,	130	130	6
chr12	98268634	98275089	uc007olg.2_5utr	+	2	0,6021,	80,434	514	26
chr12	98529261	98532057	uc007oqx.1_5utr	-	2	0,2673,	166,123	289	14
chr12	98574208	98574712	uc007oqg.1_5utr	-	1	0,	504	504	25
chr12	98575041	98575127	uc007oqh.1_5utr	-	1	0,	86	86	4
chr12	98577828	98577940	uc007oqi.1_5utr	-	1	0,	112	112	6
chr12	98628141	98628315	uc007orb.2_5utr	+	1	0,	174	174	9
chr12	98628141	98628315	uc007oqz.2_5utr	+	1	0,	174	174	9
chr12	98628141	98628315	uc011ypw.2_5utr	+	1	0,	174	174	9
chr12	98628141	98628315	uc007ora.2_5utr	+	1	0,	174	174	9
chr12	98628141	98648428	uc033gew.1_5utr	+	5	0,3821,5848,9424,20207,	193,75,162,48,80	558	28
chr12	98683612	98683750	uc007orc.2_5utr	-	1	0,	138	138	7
chr12	98689428	98733834	uc011ypx.1_5utr	-	11	0,4128,9402,10530,14713,15664,19376,20107,21371,25595,44045,	200,61,80,88,89,88,71,68,98,170,361	1374	69
chr12	98733653	98734645	uc007ord.2_5utr	-	2	0,816,	181,176	357	18
chr12	98733653	98737405	uc007ore.2_5utr	-	2	0,3711,	181,41	222	11
chr12	98733653	98734645	uc007orf.2_5utr	-	2	0,816,	181,176	357	18
chr12	98746967	98747122	uc007org.1_5utr	+	1	0,	155	155	8
chr12	98746967	98747122	uc007ori.1_5utr	+	1	0,	155	155	8
chr12	98746967	98747122	uc007orh.1_5utr	+	1	0,	155	155	8
chr12	98746967	98758545	uc007orj.1_5utr	+	5	0,512,9217,10041,11544,	191,43,41,196,34	505	25
chr12	98757008	98758545	uc007ork.1_5utr	+	2	0,1503,	196,34	230	12
chr12	98771021	98771255	uc007orl.2_5utr	+	1	0,	234	234	12
chr12	98794283	98794633	uc007orm.1_5utr	-	2	0,147,	3,203	206	10
chr12	98901028	98901484	uc011ypy.1_5utr	-	1	0,	456	456	23
chr12	98901028	98901484	uc007orn.1_5utr	-	1	0,	456	456	23
chr12	98920573	98920669	uc007oro.2_5utr	+	1	0,	96	96	5
chr12	98920573	98920669	uc007orp.2_5utr	+	1	0,	96	96	5
chr12	98920573	98943534	uc007orq.2_5utr	+	4	0,21644,22729,22888,	210,114,64,73	461	23
chr12	99346397	99347114	uc007orw.1_5utr	+	2	0,685,	60,32	92	5
chr12	99388903	99450074	uc007ort.1_5utr	-	2	0,61121,	14,50	64	3
chr12	99388903	99450074	uc007orx.1_5utr	-	2	0,61121,	14,50	64	3
chr12	99388903	99393072	uc007ors.1_5utr	-	2	0,3848,	14,321	335	17
chr12	99883356	99883442	uc007osc.1_5utr	-	1	0,	86	86	4
chr12	99883356	99883442	uc007osd.1_5utr	-	1	0,	86	86	4
chr12	99883356	99883442	uc007osb.1_5utr	-	1	0,	86	86	4
chr12	99884514	99891183	uc007osf.2_5utr	+	2	0,6662,	38,7	45	2
chr12	99884514	99891183	uc007osg.2_5utr	+	2	0,6662,	38,7	45	2
chr12	99886477	99886715	uc007osh.1_5utr	+	1	0,	238	238	12
chr12	99964498	99965946	uc007osj.2_5utr	+	2	0,705,	354,743	1097	55
chr12	99964498	99965946	uc007osi.2_5utr	+	2	0,705,	303,743	1046	52
chr12	99964498	99965946	uc007osl.2_5utr	+	2	0,705,	317,743	1060	53
chr12	100112330	100114902	uc033gex.1_5utr	+	3	0,725,2507,	54,97,65	216	11
chr12	100159603	100159653	uc011ypz.2_5utr	-	1	0,	50	50	2
chr12	100159603	100159653	uc007oso.2_5utr	-	1	0,	50	50	2
chr12	100199540	100199713	uc007osq.1_5utr	+	1	0,	173	173	9
chr12	100520691	100520822	uc007oss.2_5utr	-	1	0,	131	131	7
chr12	100597934	100713080	uc011yqb.1_5utr	-	5	0,18062,56336,80583,114843,	39,108,219,72,303	741	37
chr12	100654427	100726983	uc007osv.1_5utr	-	3	0,24090,72401,	62,72,155	289	14
chr12	100724880	100725028	uc007ost.1_5utr	-	1	0,	148	148	7
chr12	100724880	100725028	uc007osu.1_5utr	-	1	0,	148	148	7
chr12	100779122	100829628	uc007osw.1_5utr	+	2	0,50476,	188,30	218	11
chr12	100779122	100829628	uc007osx.1_5utr	+	3	0,8493,50476,	188,57,30	275	14
chr12	100786141	100786243	uc007osz.1_5utr	+	1	0,	102	102	5
chr12	100879283	100908198	uc007ota.2_5utr	-	3	0,8397,28815,	129,392,100	621	31
chr12	100879283	100908198	uc007otb.2_5utr	-	3	0,8700,28815,	129,89,100	318	16
chr12	100879283	100899524	uc011yqc.1_5utr	-	3	0,8700,19959,	129,89,282	500	25
chr12	100913694	100913791	uc007otc.1_5utr	-	1	0,	97	97	5
chr12	100982256	100982357	uc007otf.1_5utr	-	1	0,	101	101	5
chr12	101028831	101028983	uc011yqd.1_5utr	-	1	0,	152	152	8
chr12	101028831	101028983	uc007otg.1_5utr	-	1	0,	152	152	8
chr12	101028831	101028983	uc007ote.1_5utr	-	1	0,	152	152	8
chr12	101082870	101083702	uc007otk.2_5utr	-	1	0,	832	832	42
chr12	101082870	101083702	uc007otj.2_5utr	-	1	0,	832	832	42
chr12	101082870	101083702	uc007oti.2_5utr	-	1	0,	832	832	42
chr12	101145608	101145613	uc011yqh.1_5utr	+	1	0,	5	5	0
chr12	101404672	101404791	uc007otl.2_5utr	+	1	0,	119	119	6
chr12	101709490	101718523	uc007oto.2_5utr	-	2	0,8911,	46,122	168	8
chr12	101709490	101711884	uc007otn.2_5utr	-	2	0,1609,	46,785	831	42
chr12	101709490	101711884	uc007otm.2_5utr	-	2	0,1609,	46,785	831	42
chr12	101818750	101819119	uc007otp.2_5utr	-	1	0,	369	369	18
chr12	101818750	101819119	uc007otq.2_5utr	-	1	0,	369	369	18
chr12	101893749	101913171	uc007otu.2_5utr	-	7	0,565,1901,5075,8482,12005,18940,	44,113,66,279,111,62,482	1157	58
chr12	101912828	101913171	uc011yqj.1_5utr	-	1	0,	343	343	17
chr12	101912828	101913171	uc007ott.2_5utr	-	1	0,	343	343	17
chr12	101912828	101913171	uc007ots.2_5utr	-	1	0,	343	343	17
chr12	101958157	101958243	uc007otv.2_5utr	-	1	0,	86	86	4
chr12	101958157	101958243	uc011yql.1_5utr	-	1	0,	86	86	4
chr12	101958157	101958243	uc007otw.2_5utr	-	1	0,	86	86	4
chr12	101975973	101981946	uc007otx.2_5utr	+	2	0,5940,	161,33	194	10
chr12	102129418	102129440	uc011yqm.1_5utr	+	1	0,	22	22	1
chr12	102129418	102129440	uc007otz.1_5utr	+	1	0,	22	22	1
chr12	102129418	102129440	uc007oty.1_5utr	+	1	0,	22	22	1
chr12	102283073	102283285	uc007ouc.2_5utr	+	1	0,	212	212	11
chr12	102283073	102283285	uc007oub.1_5utr	+	1	0,	212	212	11
chr12	102283640	102313173	uc007oud.2_5utr	+	2	0,29334,	142,199	341	17
chr12	102423728	102439697	uc007ouf.1_5utr	-	2	0,15902,	27,67	94	5
chr12	102423728	102423769	uc007oue.1_5utr	-	1	0,	41	41	2
chr12	102469133	102472027	uc007oug.2_5utr	+	2	0,2864,	230,30	260	13
chr12	102469909	102472027	uc007ouh.1_5utr	+	2	0,2088,	72,30	102	5
chr12	102554968	102555124	uc007oui.1_5utr	+	1	0,	156	156	8
chr12	102704816	102704869	uc007ouj.1_5utr	-	1	0,	53	53	3
chr12	102743288	102743661	uc011yqo.2_5utr	-	2	0,210,	106,163	269	13
chr12	102743288	102743661	uc011yqp.2_5utr	-	2	0,254,	106,119	225	11
chr12	102743739	102744615	uc007oul.1_5utr	+	2	0,860,	31,16	47	2
chr12	102743759	102744086	uc007oum.1_5utr	+	1	0,	327	327	16
chr12	102757745	102757810	uc011yqq.1_5utr	-	1	0,	65	65	3
chr12	102757745	102757810	uc011yqr.1_5utr	-	1	0,	65	65	3
chr12	102757974	102758028	uc007oup.1_5utr	+	1	0,	54	54	3
chr12	102757974	102758028	uc007ouo.1_5utr	+	1	0,	54	54	3
chr12	102840181	102878406	uc007out.1_5utr	-	2	0,38034,	106,191	297	15
chr12	102840181	102878406	uc007our.1_5utr	-	2	0,38034,	106,191	297	15
chr12	102840181	102878406	uc007ouq.1_5utr	-	3	0,857,38034,	106,153,191	450	22
chr12	102840181	102840287	uc007ous.1_5utr	-	1	0,	106	106	5
chr12	102840181	102878406	uc007ouu.1_5utr	-	2	0,38034,	106,191	297	15
chr12	102899305	102899365	uc007ouv.1_5utr	+	1	0,	60	60	3
chr12	102948858	102949553	uc007ouw.2_5utr	+	1	0,	695	695	35
chr12	102948858	102949553	uc011yqs.1_5utr	+	1	0,	695	695	35
chr12	103001805	103001888	uc007oux.2_5utr	+	1	0,	83	83	4
chr12	103059078	103063164	uc007ouy.1_5utr	+	3	0,2266,4026,	470,172,60	702	35
chr12	103241432	103242146	uc007ouz.1_5utr	-	2	0,642,	30,72	102	5
chr12	103314958	103315837	uc011yqx.1_5utr	+	2	0,813,	112,66	178	9
chr12	103333412	103335584	uc007ovc.1_5utr	-	2	0,1436,	125,736	861	43
chr12	103338243	103338301	uc007ovd.1_5utr	-	1	0,	58	58	3
chr12	103345861	103356001	uc007ove.1_5utr	-	2	0,9822,	71,318	389	19
chr12	103388680	103388870	uc007ovg.2_5utr	+	1	0,	190	190	10
chr12	103388680	103392653	uc011yqy.1_5utr	+	2	0,3816,	193,157	350	18
chr12	103424463	103425782	uc007ovm.1_5utr	-	2	0,1123,	8,196	204	10
chr12	103424592	103425867	uc007ovl.2_5utr	-	2	0,1186,	5,89	94	5
chr12	103424592	103425867	uc007ovk.2_5utr	-	2	0,1186,	5,89	94	5
chr12	103424592	103425867	uc007ovj.2_5utr	-	2	0,1186,	5,89	94	5
chr12	103425658	103425780	uc007ovi.2_5utr	-	1	0,	122	122	6
chr12	103434188	103435455	uc007ovs.2_5utr	+	2	0,1233,	162,34	196	10
chr12	103434188	103435455	uc007ovq.2_5utr	+	2	0,1233,	162,34	196	10
chr12	103434188	103435455	uc007ovr.2_5utr	+	2	0,1233,	162,34	196	10
chr12	103434188	103435455	uc007ovp.2_5utr	+	2	0,1233,	162,34	196	10
chr12	103434188	103435455	uc007ovt.2_5utr	+	2	0,1233,	162,34	196	10
chr12	103443633	103443680	uc007ovn.3_5utr	-	1	0,	47	47	2
chr12	103443633	103443680	uc007ovu.3_5utr	-	1	0,	47	47	2
chr12	103457159	103457223	uc007ovv.1_5utr	-	1	0,	64	64	3
chr12	103532564	103532619	uc007ovw.2_5utr	+	1	0,	55	55	3
chr12	103558367	103576307	uc007ovx.1_5utr	+	3	0,17341,17913,	103,73,27	203	10
chr12	103628958	103631444	uc007ovz.2_5utr	-	2	0,2425,	39,61	100	5
chr12	103628958	103631444	uc011yra.2_5utr	-	2	0,2425,	39,61	100	5
chr12	103654488	103657071	uc007owa.1_5utr	-	2	0,2548,	19,35	54	3
chr12	103694021	103695529	uc007owd.2_5utr	-	3	0,575,1368,	1,93,140	234	12
chr12	103694021	103694689	uc007owb.2_5utr	-	2	0,575,	1,93	94	5
chr12	103694021	103694716	uc007owc.2_5utr	-	2	0,575,	1,120	121	6
chr12	103732588	103738189	uc007owe.1_5utr	-	2	0,5508,	4,93	97	5
chr12	103732588	103738189	uc029rxo.1_5utr	-	2	0,5508,	4,93	97	5
chr12	103768043	103904950	uc029rxp.1_5utr	-	2	0,136815,	4,92	96	5
chr12	103768043	103773633	uc007owg.1_5utr	-	2	0,5487,	4,103	107	5
chr12	103858052	103904950	uc029rxq.1_5utr	-	2	0,46806,	4,92	96	5
chr12	103858052	103863619	uc007owh.1_5utr	-	2	0,5469,	4,98	102	5
chr12	103858052	103863619	uc007owi.2_5utr	-	2	0,5469,	4,98	102	5
chr12	103860478	103863619	uc007owj.2_5utr	-	2	0,3043,	150,98	248	12
chr12	103899385	103904950	uc007owk.1_5utr	-	2	0,5473,	4,92	96	5
chr12	103951408	103956897	uc007owl.1_5utr	-	2	0,5448,	4,41	45	2
chr12	103989866	103989943	uc007owm.2_5utr	-	1	0,	77	77	4
chr12	103989888	103989957	uc007own.2_5utr	-	1	0,	69	69	3
chr12	104008892	104013652	uc007owo.1_5utr	-	2	0,4710,	16,50	66	3
chr12	104008892	104013645	uc011yrb.1_5utr	-	2	0,4715,	16,38	54	3
chr12	104038371	104044443	uc007owp.1_5utr	-	2	0,5891,	17,181	198	10
chr12	104101112	104101681	uc007ows.1_5utr	+	2	0,556,	147,13	160	8
chr12	104112723	104112850	uc011yre.1_5utr	+	1	0,	127	127	6
chr12	104112723	104115969	uc007owt.1_5utr	+	2	0,3229,	200,17	217	11
chr12	104127995	104130461	uc007owu.1_5utr	+	2	0,2454,	79,12	91	5
chr12	104152077	104153872	uc007owv.1_5utr	-	2	0,1701,	17,94	111	6
chr12	104214543	104216880	uc007owx.2_5utr	+	2	0,2325,	77,12	89	4
chr12	104214543	104216880	uc029rxs.1_5utr	+	2	0,2325,	77,12	89	4
chr12	104214543	104216880	uc007oww.2_5utr	+	3	0,591,2325,	77,212,12	301	15
chr12	104214632	104216880	uc007owy.2_5utr	+	3	0,502,2236,	36,212,12	260	13
chr12	104236241	104238313	uc007oxa.2_5utr	+	2	0,1696,	77,376	453	23
chr12	104236241	104250726	uc029rxt.1_5utr	+	2	0,13898,	77,587	664	33
chr12	104247895	104250726	uc007oxb.2_5utr	+	2	0,2244,	77,587	664	33
chr12	104263121	104265105	uc011yrf.1_5utr	+	3	0,1180,1972,	93,134,12	239	12
chr12	104338485	104340510	uc007oxd.1_5utr	+	2	0,2008,	60,17	77	4
chr12	104340493	104340510	uc007oxe.2_5utr	+	1	0,	17	17	1
chr12	104387163	104389075	uc007oxf.2_5utr	+	2	0,1900,	60,12	72	4
chr12	104406707	104408670	uc007oxg.1_5utr	+	2	0,1946,	88,17	105	5
chr12	104473115	104473236	uc007oxh.1_5utr	-	1	0,	121	121	6
chr12	104696997	104700520	uc011yrh.1_5utr	-	2	0,3367,	857,156	1013	51
chr12	104714803	104722443	uc011yri.1_5utr	-	3	0,5813,7167,	103,102,473	678	34
chr12	104729253	104730263	uc007oxk.1_5utr	-	2	0,879,	9,131	140	7
chr12	104731913	104751952	uc007oxi.1_5utr	-	2	0,19834,	74,205	279	14
chr12	104731913	104738837	uc007oxj.1_5utr	-	3	0,5855,6869,	74,98,55	227	11
chr12	104864951	104865076	uc011yrj.1_5utr	-	1	0,	125	125	6
chr12	104864951	104865076	uc007oxl.1_5utr	-	1	0,	125	125	6
chr12	104975793	105009809	uc007oxs.2_5utr	-	2	0,33920,	102,96	198	10
chr12	104975881	104998677	uc007oxr.2_5utr	-	3	0,21589,22650,	14,132,146	292	15
chr12	105032688	105032699	uc007oxu.1_5utr	+	1	0,	11	11	1
chr12	105147032	105147089	uc007oxv.1_5utr	+	1	0,	57	57	3
chr12	105159703	105159760	uc007oxx.1_5utr	+	1	0,	57	57	3
chr12	105176357	105176414	uc007oxy.1_5utr	+	1	0,	57	57	3
chr12	105191044	105191100	uc007oya.1_5utr	+	1	0,	56	56	3
chr12	105202421	105202478	uc007oyb.1_5utr	+	1	0,	57	57	3
chr12	105222652	105222737	uc007oye.2_5utr	-	1	0,	85	85	4
chr12	105222652	105222737	uc033gfc.1_5utr	-	1	0,	85	85	4
chr12	105222652	105222737	uc007oyd.2_5utr	-	1	0,	85	85	4
chr12	105453855	105454123	uc007oyk.2_5utr	+	1	0,	268	268	13
chr12	105563171	105588229	uc007oym.1_5utr	+	2	0,25025,	77,33	110	6
chr12	105604090	105604176	uc007oyn.1_5utr	+	1	0,	86	86	4
chr12	105622728	105623142	uc029rxu.1_5utr	-	2	0,270,	100,144	244	12
chr12	105646806	105646952	uc007oyo.2_5utr	-	1	0,	146	146	7
chr12	105684830	105685241	uc007oyq.1_5utr	-	1	0,	411	411	21
chr12	105684830	105685241	uc007oyp.2_5utr	-	1	0,	411	411	21
chr12	105685351	105685444	uc007oyr.1_5utr	+	1	0,	93	93	5
chr12	105685351	105685444	uc007oys.1_5utr	+	1	0,	93	93	5
chr12	105705981	105706164	uc007oyt.1_5utr	+	1	0,	183	183	9
chr12	105718855	105718986	uc007oyu.1_5utr	+	1	0,	131	131	7
chr12	105784701	105784906	uc007oyv.1_5utr	+	1	0,	205	205	10
chr12	105784701	105784906	uc007oyw.1_5utr	+	1	0,	205	205	10
chr12	105784701	105784906	uc007oyx.1_5utr	+	1	0,	205	205	10
chr12	105784701	105784906	uc007oyz.2_5utr	+	1	0,	205	205	10
chr12	105784701	105809576	uc011yrm.1_5utr	+	8	0,14949,15982,20225,21785,22463,24641,24822,	213,174,67,82,110,54,90,53	843	42
chr12	106010262	106036544	uc007ozc.1_5utr	+	2	0,26277,	96,5	101	5
chr12	106010262	106036544	uc007oze.1_5utr	+	2	0,26277,	96,5	101	5
chr12	106010262	106036544	uc007ozd.1_5utr	+	2	0,26277,	96,5	101	5
chr12	106010262	106036544	uc007ozb.1_5utr	+	2	0,26277,	96,5	101	5
chr12	108003143	108003414	uc007ozi.1_5utr	-	1	0,	271	271	14
chr12	108003143	108003414	uc011yrp.1_5utr	-	1	0,	271	271	14
chr12	108003143	108003414	uc007ozh.1_5utr	-	1	0,	271	271	14
chr12	108158309	108179284	uc007ozl.2_5utr	-	4	0,4663,6753,20843,	39,93,110,132	374	19
chr12	108158309	108179284	uc007ozk.2_5utr	-	4	0,4663,6753,20843,	39,93,110,132	374	19
chr12	108165165	108179284	uc007ozj.2_5utr	-	2	0,13987,	7,132	139	7
chr12	108179737	108186425	uc011yrr.1_5utr	+	3	0,2439,6638,	143,32,50	225	11
chr12	108275133	108275417	uc011yrs.1_5utr	-	1	0,	284	284	14
chr12	108306269	108306410	uc007ozn.1_5utr	+	1	0,	141	141	7
chr12	108334380	108334445	uc007ozo.1_5utr	+	1	0,	65	65	3
chr12	108371152	108371324	uc007ozp.2_5utr	+	1	0,	172	172	9
chr12	108371152	108371324	uc011yrt.2_5utr	+	1	0,	172	172	9
chr12	108410632	108463552	uc007ozr.2_5utr	+	2	0,52894,	63,26	89	4
chr12	108410632	108463552	uc007ozq.2_5utr	+	2	0,52894,	63,26	89	4
chr12	108422815	108423194	uc007ozs.1_5utr	+	1	0,	379	379	19
chr12	108463526	108463552	uc007ozt.1_5utr	+	1	0,	26	26	1
chr12	108534864	108537354	uc011yru.1_5utr	+	2	0,2469,	88,21	109	5
chr12	108554719	108555208	uc007ozv.1_5utr	+	1	0,	489	489	24
chr12	108554719	108555208	uc007ozw.1_5utr	+	1	0,	489	489	24
chr12	108605765	108605988	uc007ozx.1_5utr	+	1	0,	223	223	11
chr12	108635752	108648348	uc007ozz.1_5utr	+	3	0,496,12562,	132,136,34	302	15
chr12	108635752	108635873	uc007ozy.1_5utr	+	1	0,	121	121	6
chr12	108676101	108676191	uc007paa.1_5utr	+	1	0,	90	90	4
chr12	108702242	108702306	uc007pab.2_5utr	-	1	0,	64	64	3
chr12	108702242	108702306	uc011yrv.1_5utr	-	1	0,	64	64	3
chr12	108793310	108793412	uc007pac.1_5utr	+	1	0,	102	102	5
chr12	108835685	108835876	uc007pad.1_5utr	-	1	0,	191	191	10
chr12	108851128	108851179	uc007pae.1_5utr	+	1	0,	51	51	3
chr12	108851128	108851179	uc007paf.1_5utr	+	1	0,	51	51	3
chr12	108882884	108894174	uc007pah.2_5utr	-	4	0,1380,5491,11184,	24,84,173,106	387	19
chr12	108888486	108893211	uc007pag.2_5utr	-	2	0,4673,	62,52	114	6
chr12	108888486	108894174	uc007pai.2_5utr	-	2	0,5582,	62,106	168	8
chr12	108888486	108893211	uc007paj.2_5utr	-	2	0,4673,	62,52	114	6
chr12	108894271	108897930	uc011yrx.1_5utr	+	2	0,3637,	42,22	64	3
chr12	109068167	109068217	uc007pal.1_5utr	-	1	0,	50	50	2
chr12	109452822	109453659	uc007pam.2_5utr	+	2	0,764,	472,73	545	27
chr12	109453454	109453659	uc007pao.2_5utr	+	1	0,	205	205	10
chr12	109453454	109453659	uc011yrz.1_5utr	+	1	0,	205	205	10
chr12	109453454	109453659	uc007pan.2_5utr	+	1	0,	205	205	10
chr12	109453454	109453659	uc011yry.1_5utr	+	1	0,	205	205	10
chr12	109595403	109600330	uc011ysk.2_5utr	-	2	0,4865,	85,62	147	7
chr12	110279229	110279231	uc007pbi.1_5utr	+	1	0,	2	2	0
chr12	110447178	110447358	uc011yur.1_5utr	+	1	0,	180	180	9
chr12	110485738	110485858	uc007pbk.1_5utr	+	1	0,	120	120	6
chr12	110485738	110485858	uc007pbm.2_5utr	+	1	0,	120	120	6
chr12	110485738	110485858	uc007pbl.2_5utr	+	1	0,	120	120	6
chr12	110561297	110561303	uc007pbn.2_5utr	+	1	0,	6	6	0
chr12	110567727	110567769	uc011yus.2_5utr	+	1	0,	42	42	2
chr12	110601394	110601604	uc007pbo.1_5utr	+	1	0,	210	210	10
chr12	110670817	110682619	uc007pbp.2_5utr	-	3	0,1365,11753,	69,58,49	176	9
chr12	110695680	110695772	uc007pbq.2_5utr	-	1	0,	92	92	5
chr12	110696251	110696395	uc007pbr.1_5utr	-	1	0,	144	144	7
chr12	110737948	110738028	uc007pbu.1_5utr	+	1	0,	80	80	4
chr12	110737948	110738028	uc007pbt.1_5utr	+	1	0,	80	80	4
chr12	110808559	110808987	uc056ysj.1_5utr	-	1	0,	428	428	21
chr12	110840752	110840939	uc007pby.1_5utr	-	1	0,	187	187	9
chr12	110840752	110840939	uc007pbw.1_5utr	-	1	0,	187	187	9
chr12	110840752	110840939	uc007pbv.1_5utr	-	1	0,	187	187	9
chr12	110840752	110840939	uc007pbx.1_5utr	-	1	0,	187	187	9
chr12	110850278	110850317	uc007pca.2_5utr	+	1	0,	39	39	2
chr12	110850278	110850317	uc011yuu.1_5utr	+	1	0,	39	39	2
chr12	110889072	110889145	uc007pcd.2_5utr	-	1	0,	73	73	4
chr12	110889072	110889145	uc007pcc.2_5utr	-	1	0,	73	73	4
chr12	110889072	110889145	uc007pcb.2_5utr	-	1	0,	73	73	4
chr12	110889072	110889145	uc007pce.2_5utr	-	1	0,	73	73	4
chr12	110889263	110896155	uc007pcg.3_5utr	+	3	0,6211,6823,	63,52,69	184	9
chr12	110889263	110931416	uc007pcf.2_5utr	+	8	0,6823,25386,26083,29605,36932,39768,42136,	63,288,129,132,158,281,133,17	1201	60
chr12	110889263	110931416	uc011yuv.2_5utr	+	9	0,6211,6823,25386,26083,29605,36900,39768,42026,	63,52,288,129,132,158,313,133,127	1395	70
chr12	110889263	110896155	uc007pch.3_5utr	+	2	0,6823,	63,69	132	7
chr12	110977499	110979021	uc007pcj.1_5utr	-	4	0,164,448,1340,	49,107,180,182	518	26
chr12	110977499	110979021	uc007pci.1_5utr	-	3	0,448,1340,	49,180,182	411	21
chr12	111039797	111039972	uc007pck.1_5utr	+	2	0,164,	91,11	102	5
chr12	111166369	111237578	uc007pcn.2_5utr	+	2	0,71192,	233,17	250	12
chr12	111166369	111237578	uc007pcl.2_5utr	+	3	0,53441,71192,	233,111,17	361	18
chr12	111248482	111255324	uc007pco.2_5utr	+	4	0,2647,4181,6740,	164,75,93,102	434	22
chr12	111271110	111271121	uc007pcp.1_5utr	+	1	0,	11	11	1
chr12	111274673	111274848	uc007pcq.1_5utr	+	1	0,	175	175	9
chr12	111295298	111295316	uc007pcs.2_5utr	-	1	0,	18	18	1
chr12	111377271	111377718	uc007pct.2_5utr	-	1	0,	447	447	22
chr12	111406808	111408545	uc007pcu.1_5utr	+	2	0,1716,	59,21	80	4
chr12	111417429	111422078	uc033gfj.1_5utr	+	4	0,1330,4069,4633,	325,105,85,16	531	27
chr12	111417429	111422078	uc007pcw.2_5utr	+	4	0,1330,4069,4633,	325,105,85,16	531	27
chr12	111417429	111422078	uc007pcx.3_5utr	+	3	0,4069,4633,	325,85,16	426	21
chr12	111417444	111422078	uc007pcv.2_5utr	+	4	0,1315,4054,4618,	76,105,85,16	282	14
chr12	111417444	111422078	uc033gfk.1_5utr	+	3	0,4054,4618,	76,85,16	177	9
chr12	111421498	111422078	uc011yuw.2_5utr	+	2	0,434,	85,146	231	12
chr12	111442660	111444943	uc007pcy.2_5utr	+	2	0,2268,	23,15	38	2
chr12	111442660	111444943	uc007pcz.2_5utr	+	2	0,2268,	23,15	38	2
chr12	111485770	111485823	uc007pdc.2_5utr	-	1	0,	53	53	3
chr12	111538100	111539615	uc007pde.2_5utr	+	3	0,254,1307,	139,194,208	541	27
chr12	111538100	111539615	uc007pdd.2_5utr	+	3	0,254,1446,	139,194,69	402	20
chr12	111538100	111539615	uc007pdf.2_5utr	+	3	0,254,1446,	139,194,69	402	20
chr12	111538854	111539615	uc007pdg.2_5utr	+	2	0,553,	93,208	301	15
chr12	111539030	111539615	uc007pdh.1_5utr	+	1	0,	585	585	29
chr12	111539407	111540236	uc007pdi.2_5utr	+	3	0,393,722,	280,111,107	498	25
chr12	111574509	111575050	uc007pdk.2_5utr	+	1	0,	541	541	27
chr12	111574509	111575050	uc007pdl.2_5utr	+	1	0,	541	541	27
chr12	111627814	111627820	uc007pdm.2_5utr	+	1	0,	6	6	0
chr12	111671958	111672338	uc007pdn.2_5utr	-	2	0,271,	15,109	124	6
chr12	111678104	111678631	uc007pdq.1_5utr	+	1	0,	527	527	26
chr12	111678104	111678631	uc007pdo.1_5utr	+	2	0,498,	57,29	86	4
chr12	111678104	111678631	uc007pdp.1_5utr	+	2	0,498,	196,29	225	11
chr12	111711387	111713256	uc007pds.3_5utr	-	2	0,1656,	25,213	238	12
chr12	111711387	111712917	uc007pdr.3_5utr	-	2	0,1197,	25,333	358	18
chr12	111713268	111713292	uc011yuy.1_5utr	+	1	0,	24	24	1
chr12	111713268	111713292	uc007pdu.2_5utr	+	1	0,	24	24	1
chr12	111713268	111713292	uc007pdt.2_5utr	+	1	0,	24	24	1
chr12	111758848	111772319	uc033gfn.1_5utr	+	2	0,13470,	194,1	195	10
chr12	111758848	111772319	uc007pdw.1_5utr	+	2	0,13470,	194,1	195	10
chr12	111758848	111772319	uc007pdx.1_5utr	+	2	0,13470,	194,1	195	10
chr12	111758848	111772319	uc033gfo.1_5utr	+	2	0,13470,	194,1	195	10
chr12	111758848	111772319	uc033gfm.1_5utr	+	2	0,13470,	194,1	195	10
chr12	111758848	111772319	uc033gfp.1_5utr	+	2	0,13470,	194,1	195	10
chr12	111758848	111772319	uc007pdv.1_5utr	+	2	0,13470,	194,1	195	10
chr12	111758848	111772319	uc033gfq.1_5utr	+	2	0,13470,	194,1	195	10
chr12	111812115	111813841	uc007pdz.1_5utr	-	2	0,1709,	104,17	121	6
chr12	111814169	111814239	uc007pea.2_5utr	+	1	0,	70	70	4
chr12	111814169	111814239	uc007peb.2_5utr	+	1	0,	70	70	4
chr12	111844867	111844996	uc007pec.1_5utr	-	1	0,	129	129	6
chr12	111907870	111908055	uc007ped.1_5utr	-	1	0,	185	185	9
chr12	111966923	111966977	uc007pef.1_5utr	-	1	0,	54	54	3
chr12	111971558	111971641	uc011yva.1_5utr	+	1	0,	83	83	4
chr12	111980340	111981102	uc007peh.1_5utr	-	2	0,378,	7,384	391	20
chr12	111980340	111980855	uc011yvb.1_5utr	-	2	0,378,	7,137	144	7
chr12	111980340	111981119	uc007peg.2_5utr	-	3	0,378,627,	7,137,152	296	15
chr12	111993675	112013306	uc007pei.1_5utr	+	7	0,84,768,3111,4122,8048,19590,	9,170,123,81,165,101,41	690	34
chr12	111993675	112025828	uc007pej.1_5utr	+	15	0,84,768,3111,4122,8048,13836,19590,19806,20766,22182,29566,30986,31833,32099,	9,170,123,81,165,101,65,55,85,58,105,98,132,166,54	1467	73
chr12	112106682	112106891	uc007pek.1_5utr	+	1	0,	209	209	10
chr12	112121152	112121155	uc011yvd.1_5utr	+	1	0,	3	3	0
chr12	112146207	112146364	uc007pem.1_5utr	+	1	0,	157	157	8
chr12	112489447	112495003	uc007peq.2_5utr	+	2	0,5540,	258,16	274	14
chr12	112511048	112511160	uc007per.1_5utr	-	1	0,	112	112	6
chr12	112588783	112600002	uc007pes.1_5utr	+	2	0,11210,	112,9	121	6
chr12	112604013	112604627	uc007pet.1_5utr	+	1	0,	614	614	31
chr12	112620046	112620118	uc011yvf.1_5utr	+	1	0,	72	72	4
chr12	112620046	112620118	uc007peu.2_5utr	+	1	0,	72	72	4
chr12	112644827	112644966	uc007pew.2_5utr	+	1	0,	139	139	7
chr12	112644827	112644966	uc007pev.2_5utr	+	1	0,	139	139	7
chr12	112671561	112674276	uc007pex.2_5utr	-	2	0,2438,	93,277	370	18
chr12	112671561	112674276	uc007pey.2_5utr	-	2	0,2438,	93,277	370	18
chr12	112678839	112679392	uc007pfa.2_5utr	+	2	0,536,	106,17	123	6
chr12	112678839	112679714	uc007pez.2_5utr	+	2	0,714,	106,161	267	13
chr12	112722173	112724650	uc007pfb.1_5utr	+	2	0,2450,	209,27	236	12
chr12	112732499	112732507	uc011yvg.1_5utr	+	1	0,	8	8	0
chr12	112760654	112760756	uc007pfc.1_5utr	+	1	0,	102	102	5
chr12	112761675	112762034	uc007pfd.1_5utr	+	1	0,	359	359	18
chr12	112775218	112775640	uc007pfe.1_5utr	-	1	0,	422	422	21
chr12	112802526	112802657	uc007pff.1_5utr	-	1	0,	131	131	7
chr12	112808974	112809388	uc007pfh.1_5utr	+	2	0,223,	42,191	233	12
chr12	112808974	112809388	uc007pfg.1_5utr	+	1	0,	414	414	21
chr12	112822106	112829389	uc007pfi.1_5utr	-	2	0,6742,	6,541	547	27
chr12	112822106	112829423	uc007pfj.1_5utr	-	2	0,7199,	6,118	124	6
chr12	112855842	112860916	uc007pfk.1_5utr	-	2	0,5027,	63,47	110	6
chr12	112929484	112929495	uc007pfl.1_5utr	-	1	0,	11	11	1
chr12	112942071	112942118	uc007pfm.1_5utr	-	1	0,	47	47	2
chr12	112976481	112976758	uc011yvh.1_5utr	+	2	0,194,	31,83	114	6
chr12	112976562	112976605	uc007pfo.1_5utr	+	1	0,	43	43	2
chr12	113000356	113000621	uc007pfn.1_5utr	-	1	0,	265	265	13
chr12	113014507	113014563	uc007pfp.2_5utr	+	1	0,	56	56	3
chr12	113014507	113014563	uc007pfr.1_5utr	+	1	0,	56	56	3
chr12	113014507	113014563	uc007pfq.2_5utr	+	1	0,	56	56	3
chr12	113050507	113060698	uc007pfs.1_5utr	+	7	0,373,1723,6302,9215,9575,10121,	83,81,60,158,91,78,70	621	31
chr12	113074501	113075280	uc007pft.1_5utr	+	2	0,603,	500,176	676	34
chr12	113074755	113075280	uc007pfu.1_5utr	+	2	0,488,	104,37	141	7
chr12	113098277	113098417	uc033gge.1_5utr	+	1	0,	140	140	7
chr12	113098277	113098417	uc007pfw.1_5utr	+	1	0,	140	140	7
chr12	113098277	113098417	uc007pfx.1_5utr	+	1	0,	140	140	7
chr12	113098277	113098417	uc007pfv.1_5utr	+	1	0,	140	140	7
chr12	113098277	113098417	uc033gfx.1_5utr	+	1	0,	140	140	7
chr12	113098277	113098417	uc033gfy.1_5utr	+	1	0,	140	140	7
chr12	113098277	113130940	uc033gga.1_5utr	+	12	0,13868,18710,21933,22549,24839,28497,29337,29754,31842,32256,32607,	168,68,94,51,127,118,103,100,189,75,59,56	1208	60
chr12	113098277	113098417	uc033ggc.1_5utr	+	1	0,	140	140	7
chr12	113140235	113140571	uc007pfy.2_5utr	+	1	0,	336	336	17
chr12	113152011	113152113	uc007pfz.1_5utr	+	1	0,	102	102	5
chr12	113156420	113156436	uc007pga.2_5utr	+	1	0,	16	16	1
chr12	113156420	113157655	uc007pgb.2_5utr	+	4	0,254,740,1050,	151,79,203,185	618	31
chr12	113185902	113188163	uc007pgc.1_5utr	+	2	0,2076,	56,185	241	12
chr12	113260129	113429513	uc007pgg.1_5utr	-	2	0,169338,	107,46	153	8
chr12	113260129	113429133	uc007pgf.1_5utr	-	2	0,168955,	107,49	156	8
chr12	113288073	113429833	uc007pgm.2_5utr	-	4	0,189,568,141707,	80,63,291,53	487	24
chr12	113288073	113429133	uc007pgl.2_5utr	-	4	0,189,568,141011,	80,63,291,49	483	24
chr12	113288073	113429513	uc029ryj.1_5utr	-	4	0,189,568,141394,	80,63,291,46	480	24
chr12	113338972	113339382	uc007pgo.1_5utr	-	1	0,	410	410	20
chr12	113360367	113366417	uc007pgp.1_5utr	-	5	0,161,574,5544,5825,	62,48,291,158,225	784	39
chr12	113360367	113366477	uc011yvl.1_5utr	-	4	0,161,566,5544,	62,48,299,566	975	49
chr12	113416304	113429833	uc007pgr.1_5utr	-	2	0,13476,	20,53	73	4
chr12	113428556	113428566	uc007pge.1_5utr	-	1	0,	10	10	0
chr12	113428556	113428566	uc056ysp.1_5utr	-	1	0,	10	10	0
chr12	113428556	113428566	uc007pgq.1_5utr	-	1	0,	10	10	0
chr12	113428556	113428566	uc007pgd.1_5utr	-	1	0,	10	10	0
chr12	113543907	113544008	uc007pgw.1_5utr	+	1	0,	101	101	5
chr12	116047723	116047857	uc007phc.2_5utr	+	1	0,	134	134	7
chr12	116047723	116047857	uc007phb.2_5utr	+	1	0,	134	134	7
chr12	116047723	116047857	uc033ggk.1_5utr	+	1	0,	134	134	7
chr12	116077725	116077845	uc007phe.2_5utr	+	1	0,	120	120	6
chr12	116077725	116077845	uc007phf.2_5utr	+	1	0,	120	120	6
chr12	116077725	116077845	uc007phd.2_5utr	+	1	0,	120	120	6
chr12	116213684	116213870	uc007phh.1_5utr	-	1	0,	186	186	9
chr12	116218676	116231897	uc007phi.1_5utr	-	6	0,104,6210,7299,10904,13012,	2,114,163,162,130,209	780	39
chr12	116262865	116263025	uc007phm.1_5utr	-	1	0,	160	160	8
chr12	116262865	116263025	uc007phj.1_5utr	-	1	0,	160	160	8
chr12	116262865	116263025	uc007phk.1_5utr	-	1	0,	160	160	8
chr12	116281221	116281342	uc007pho.1_5utr	+	1	0,	121	121	6
chr12	116281251	116281342	uc056ysq.1_5utr	+	1	0,	91	91	5
chr12	116347725	116347788	uc007phq.1_5utr	+	1	0,	63	63	3
chr12	116356918	116357153	uc007phr.1_5utr	+	1	0,	235	235	12
chr12	116404396	116405161	uc007phs.2_5utr	-	2	0,570,	247,195	442	22
chr12	116405401	116407232	uc007pht.1_5utr	+	3	0,300,1796,	60,176,35	271	14
chr12	116485719	116485864	uc007phx.2_5utr	+	1	0,	145	145	7
chr12	116485719	116485864	uc007phw.2_5utr	+	1	0,	145	145	7
chr12	116485719	116485864	uc007phv.2_5utr	+	1	0,	145	145	7
chr12	117516478	117527228	uc007pib.2_5utr	+	3	0,1531,10657,	425,127,93	645	32
chr12	117533938	117534017	uc007pic.1_5utr	+	1	0,	79	79	4
chr12	117843860	117843933	uc007pid.1_5utr	+	1	0,	73	73	4
chr12	117922024	117933886	uc011yvs.1_5utr	-	5	0,6294,9109,10992,11657,	159,141,165,144,205	814	41
chr12	118198832	118199043	uc007pie.1_5utr	-	1	0,	211	211	11
chr12	118301233	118301440	uc011yvt.2_5utr	-	1	0,	207	207	10
chr12	118301233	118301440	uc007pif.3_5utr	-	1	0,	207	207	10
chr12	118846328	118848411	uc007pih.2_5utr	+	3	0,1209,2050,	163,117,33	313	16
chr12	118847190	118847320	uc007pig.2_5utr	+	1	0,	130	130	6
chr12	118850317	118850440	uc056ysr.1_5utr	-	1	0,	123	123	6
chr12	118890709	118890754	uc011yvu.2_5utr	-	1	0,	45	45	2
chr12	118919956	118921094	uc033ggm.1_5utr	-	1	0,	1138	1138	57
chr12	118924501	118924580	uc007pii.1_5utr	-	1	0,	79	79	4
chr12	118965314	118966421	uc007pij.2_5utr	-	2	0,1044,	21,63	84	4
chr12	119192310	119238276	uc011yvv.1_5utr	-	4	0,10091,16208,45361,	17,180,86,605	888	44
chr12	119237798	119238276	uc007pim.1_5utr	-	1	0,	478	478	24
chr12	119237798	119238276	uc007pik.1_5utr	-	1	0,	478	478	24
chr12	119237798	119238276	uc007pil.1_5utr	-	1	0,	478	478	24
chr12	119945961	119946473	uc056yss.1_5utr	+	1	0,	512	512	26
chr12	119945961	119946473	uc011yvw.2_5utr	+	1	0,	512	512	26
chr12	119945961	119946473	uc056yst.1_5utr	+	1	0,	512	512	26
