chr	start	end	transcript_id	strand	number_of_exons	coordinates	length1	total_length	bin
chr19	3268811	3283010	uc008fwb.1_5utr	-	8	0,2714,4076,5544,7944,10995,12607,13889,	31,175,148,201,164,190,170,310	1389	69
chr19	3282786	3283010	uc008fwa.1_5utr	-	1	0,	224	224	11
chr19	3282786	3283010	uc008fwc.1_5utr	-	1	0,	224	224	11
chr19	3283046	3283071	uc008fwe.1_5utr	+	1	0,	25	25	1
chr19	3283046	3283071	uc008fwd.1_5utr	+	1	0,	25	25	1
chr19	3323300	3349201	uc008fwf.2_5utr	+	2	0,25888,	74,13	87	4
chr19	3388856	3388949	uc008fwh.2_5utr	+	1	0,	93	93	5
chr19	3388856	3388949	uc008fwg.2_5utr	+	1	0,	93	93	5
chr19	3389377	3392258	uc008fwi.2_5utr	+	3	0,1698,2725,	492,69,156	717	36
chr19	3389377	3392258	uc012bfv.2_5utr	+	2	0,2725,	492,156	648	32
chr19	3414311	3414457	uc008fwj.1_5utr	-	1	0,	146	146	7
chr19	3494029	3494038	uc008fwn.1_5utr	-	1	0,	9	9	0
chr19	3526928	3575749	uc008fwl.3_5utr	-	2	0,48712,	6,109	115	6
chr19	3526928	3575749	uc012bfw.2_5utr	-	3	0,17179,48712,	6,148,109	263	13
chr19	3526928	3575749	uc008fwm.2_5utr	-	2	0,48712,	6,109	115	6
chr19	3526928	3575749	uc008fwk.3_5utr	-	3	0,17179,48712,	6,148,109	263	13
chr19	3526928	3575749	uc008fwo.2_5utr	-	3	0,17179,48712,	1,148,109	258	13
chr19	3526928	3575749	uc008fwp.2_5utr	-	3	0,17179,48712,	6,148,109	263	13
chr19	3612323	3615879	uc012bfx.1_5utr	-	3	0,1902,3329,	198,185,227	610	30
chr19	3686442	3686564	uc008fwr.2_5utr	-	1	0,	122	122	6
chr19	3686442	3686564	uc008fwq.2_5utr	-	1	0,	122	122	6
chr19	3708332	3715726	uc008fwt.1_5utr	+	3	0,6071,7305,	104,222,89	415	21
chr19	3708332	3715726	uc008fwu.1_5utr	+	3	0,5714,7305,	104,579,89	772	39
chr19	3708410	3715726	uc008fwv.1_5utr	+	3	0,5993,7227,	98,222,89	409	20
chr19	3767420	3786464	uc008fxb.2_5utr	+	3	0,601,18968,	310,319,76	705	35
chr19	3767420	3786464	uc008fwz.2_5utr	+	3	0,601,18968,	310,319,76	705	35
chr19	3767420	3786464	uc008fww.2_5utr	+	7	0,601,2532,10041,14799,15335,18968,	310,319,154,51,60,97,76	1067	53
chr19	3767420	3786464	uc008fwy.2_5utr	+	4	0,601,14799,18968,	310,319,60,76	765	38
chr19	3767420	3786464	uc008fxa.2_5utr	+	4	0,601,14799,18968,	310,319,60,76	765	38
chr19	3767420	3786464	uc008fxc.2_5utr	+	3	0,601,18968,	310,319,76	705	35
chr19	3767420	3786464	uc012bfy.1_5utr	+	4	0,601,14799,18968,	310,319,60,76	765	38
chr19	3851772	3852075	uc008fxf.1_5utr	+	1	0,	303	303	15
chr19	3851772	3852075	uc008fxd.2_5utr	+	1	0,	303	303	15
chr19	3851772	3852075	uc033hig.1_5utr	+	1	0,	303	303	15
chr19	3851772	3884483	uc008fxh.2_5utr	+	5	0,12875,19230,23962,32699,	641,112,60,54,12	879	44
chr19	3851772	3852075	uc008fxg.2_5utr	+	1	0,	303	303	15
chr19	3851772	3852075	uc008fxe.1_5utr	+	1	0,	303	303	15
chr19	3898796	3903172	uc008fxj.2_5utr	-	6	0,183,3094,3834,4085,4249,	79,140,666,94,83,127	1189	59
chr19	3904701	3906983	uc008fxl.2_5utr	-	2	0,1822,	4,460	464	23
chr19	3904701	3905230	uc008fxk.2_5utr	-	2	0,373,	4,156	160	8
chr19	3904701	3907133	uc008fxm.2_5utr	-	2	0,2317,	4,115	119	6
chr19	3912466	3912774	uc008fxn.2_5utr	-	1	0,	308	308	15
chr19	3912469	3912774	uc008fxo.2_5utr	-	1	0,	305	305	15
chr19	3912709	3912774	uc008fxp.2_5utr	-	1	0,	65	65	3
chr19	3923900	3929716	uc008fxq.1_5utr	-	2	0,5795,	1,21	22	1
chr19	3935185	3935193	uc008fxr.2_5utr	+	1	0,	8	8	0
chr19	3935185	3935193	uc012bfz.1_5utr	+	1	0,	8	8	0
chr19	3935185	3935193	uc008fxs.2_5utr	+	1	0,	8	8	0
chr19	3942439	3942788	uc008fxt.1_5utr	+	1	0,	349	349	17
chr19	3958807	3958875	uc029tql.1_5utr	+	1	0,	68	68	3
chr19	3965632	3965658	uc029tqm.1_5utr	+	1	0,	26	26	1
chr19	3972327	3972575	uc008fxw.2_5utr	+	1	0,	248	248	12
chr19	3986569	3987069	uc008fxy.2_5utr	+	2	0,481,	42,19	61	3
chr19	3986569	3987069	uc056zhb.1_5utr	+	3	0,258,481,	42,124,19	185	9
chr19	3986569	3987069	uc008fxx.2_5utr	+	3	0,253,481,	42,129,19	190	10
chr19	3986569	3987069	uc056zhc.1_5utr	+	2	0,481,	42,19	61	3
chr19	3986660	3987069	uc008fxz.1_5utr	+	1	0,	409	409	20
chr19	3992751	3996644	uc012bga.1_5utr	+	2	0,3777,	206,116	322	16
chr19	3992751	3993107	uc008fya.1_5utr	+	1	0,	356	356	18
chr19	3996528	3996644	uc012bgb.1_5utr	+	1	0,	116	116	6
chr19	4000579	4000653	uc008fyb.1_5utr	+	1	0,	74	74	4
chr19	4000743	4001130	uc008fyc.1_5utr	+	1	0,	387	387	19
chr19	4003384	4003570	uc008fyd.1_5utr	+	2	0,126,	17,60	77	4
chr19	4012622	4012755	uc008fye.2_5utr	-	1	0,	133	133	7
chr19	4037863	4037912	uc008fyf.1_5utr	-	1	0,	49	49	2
chr19	4042165	4042221	uc008fyg.1_5utr	-	1	0,	56	56	3
chr19	4059292	4059294	uc008fyh.1_5utr	-	1	0,	2	2	0
chr19	4059424	4059444	uc008fyi.1_5utr	-	1	0,	20	20	1
chr19	4082487	4082705	uc008fyj.1_5utr	+	1	0,	218	218	11
chr19	4083518	4083559	uc008fyl.2_5utr	+	1	0,	41	41	2
chr19	4083518	4083559	uc012bgc.1_5utr	+	1	0,	41	41	2
chr19	4097350	4097425	uc008fym.1_5utr	+	1	0,	75	75	4
chr19	4099997	4101184	uc008fyn.3_5utr	+	2	0,1146,	216,41	257	13
chr19	4100621	4101184	uc008fyo.2_5utr	+	1	0,	563	563	28
chr19	4121434	4121575	uc008fyp.2_5utr	-	1	0,	141	141	7
chr19	4121434	4125858	uc008fyq.2_5utr	-	2	0,4295,	111,129	240	12
chr19	4125959	4126041	uc008fyr.1_5utr	+	1	0,	82	82	4
chr19	4125959	4126041	uc008fys.1_5utr	+	1	0,	82	82	4
chr19	4139556	4139609	uc008fyw.1_5utr	-	1	0,	53	53	3
chr19	4139798	4142461	uc008fyx.1_5utr	+	2	0,2624,	606,39	645	32
chr19	4148662	4149343	uc008fyy.1_5utr	+	2	0,679,	74,2	76	4
chr19	4154645	4154700	uc008fza.1_5utr	+	1	0,	55	55	3
chr19	4166330	4170071	uc012bge.1_5utr	-	2	0,3568,	234,173	407	20
chr19	4169641	4175479	uc029tqn.1_5utr	-	8	0,257,1184,1354,2504,3317,5363,5752,	167,173,86,904,90,262,27,86	1795	90
chr19	4175007	4175479	uc012bgf.1_5utr	-	2	0,386,	24,86	110	6
chr19	4185471	4185532	uc008fzd.1_5utr	-	1	0,	61	61	3
chr19	4188545	4190835	uc012bgg.1_5utr	-	6	0,398,667,860,1318,2118,	179,115,107,108,100,172	781	39
chr19	4188961	4190928	uc008fze.1_5utr	-	5	0,251,444,902,1702,	93,107,108,100,265	673	34
chr19	4190809	4191047	uc008fzf.1_5utr	-	2	0,209,	26,29	55	3
chr19	4190809	4191047	uc012bgh.1_5utr	-	2	0,209,	26,29	55	3
chr19	4192173	4192216	uc008fzg.1_5utr	+	1	0,	43	43	2
chr19	4197569	4197780	uc008fzi.1_5utr	-	1	0,	211	211	11
chr19	4201516	4201603	uc008fzh.1_5utr	-	1	0,	87	87	4
chr19	4214391	4214484	uc008fzj.1_5utr	+	1	0,	93	93	5
chr19	4214391	4214484	uc008fzl.1_5utr	+	1	0,	93	93	5
chr19	4214391	4220191	uc008fzk.1_5utr	+	3	0,1341,5786,	109,98,14	221	11
chr19	4231898	4232091	uc008fzm.2_5utr	+	1	0,	193	193	10
chr19	4266111	4269172	uc008fzq.2_5utr	-	5	0,263,410,2433,2903,	61,72,116,41,158	448	22
chr19	4269080	4269172	uc008fzo.2_5utr	-	1	0,	92	92	5
chr19	4269080	4269172	uc012bgi.2_5utr	-	1	0,	92	92	5
chr19	4269080	4269172	uc008fzp.2_5utr	-	1	0,	92	92	5
chr19	4282207	4283137	uc008fzs.1_5utr	-	2	0,673,	97,257	354	18
chr19	4282970	4283137	uc008fzr.1_5utr	-	1	0,	167	167	8
chr19	4287707	4288227	uc008fzt.2_5utr	-	1	0,	520	520	26
chr19	4294913	4306222	uc008fzu.2_5utr	-	3	0,10208,10988,	13,72,321	406	20
chr19	4306014	4306222	uc008fzv.2_5utr	-	1	0,	208	208	10
chr19	4394833	4397077	uc008fzz.1_5utr	-	2	0,1477,	59,767	826	41
chr19	4394833	4397077	uc008fzw.1_5utr	-	2	0,1477,	59,767	826	41
chr19	4394833	4397077	uc008fzy.1_5utr	-	2	0,1477,	59,767	826	41
chr19	4394833	4398266	uc008fzx.1_5utr	-	2	0,3100,	59,333	392	20
chr19	4439351	4439424	uc008gab.1_5utr	-	1	0,	73	73	4
chr19	4439351	4439424	uc008gaa.1_5utr	-	1	0,	73	73	4
chr19	4467940	4477143	uc008gad.1_5utr	-	2	0,8994,	23,209	232	12
chr19	4498519	4498583	uc008gae.1_5utr	-	1	0,	64	64	3
chr19	4510471	4515687	uc008gaf.2_5utr	+	2	0,5182,	110,34	144	7
chr19	4594318	4594442	uc008gag.2_5utr	+	1	0,	124	124	6
chr19	4614504	4615667	uc008gai.2_5utr	-	2	0,458,	10,705	715	36
chr19	4614504	4615502	uc008gah.2_5utr	-	1	0,	998	998	50
chr19	4625072	4625333	uc008gaj.1_5utr	-	2	0,120,	20,141	161	8
chr19	4711222	4718840	uc008gan.1_5utr	+	2	0,7596,	422,22	444	22
chr19	4712407	4718840	uc008gao.1_5utr	+	2	0,6411,	54,22	76	4
chr19	4756524	4757257	uc008gas.2_5utr	+	2	0,721,	137,12	149	7
chr19	4756524	4757257	uc008gaq.1_5utr	+	2	0,721,	137,12	149	7
chr19	4756524	4758106	uc012bgk.1_5utr	+	2	0,721,	137,861	998	50
chr19	4756524	4757257	uc008gar.1_5utr	+	2	0,721,	137,12	149	7
chr19	4792809	4794009	uc008gau.1_5utr	-	2	0,862,	11,338	349	17
chr19	4792809	4811634	uc008gaw.1_5utr	-	3	0,862,18362,	11,338,463	812	41
chr19	4792809	4794009	uc012bgm.1_5utr	-	2	0,1006,	11,194	205	10
chr19	4792809	4794009	uc012bgl.1_5utr	-	2	0,1006,	11,194	205	10
chr19	4792809	4794009	uc008gax.2_5utr	-	2	0,1017,	11,183	194	10
chr19	4792809	4794009	uc008gav.1_5utr	-	2	0,862,	11,338	349	17
chr19	4811508	4811634	uc008gay.1_5utr	-	1	0,	126	126	6
chr19	4811508	4811634	uc012bgo.2_5utr	-	1	0,	126	126	6
chr19	4811508	4811634	uc012bgn.2_5utr	-	1	0,	126	126	6
chr19	4811508	4811634	uc008gaz.2_5utr	-	1	0,	126	126	6
chr19	4839235	4839322	uc008gba.1_5utr	-	1	0,	87	87	4
chr19	4839365	4839481	uc008gbb.1_5utr	+	1	0,	116	116	6
chr19	4855128	4855267	uc008gbc.1_5utr	+	1	0,	139	139	7
chr19	4855220	4856526	uc008gbd.1_5utr	+	4	0,849,1026,1291,	576,85,62,15	738	37
chr19	4863266	4863558	uc008gbe.2_5utr	-	2	0,143,	48,149	197	10
chr19	4877854	4877909	uc008gbf.2_5utr	-	1	0,	55	55	3
chr19	4878667	4878748	uc008gbh.2_5utr	+	1	0,	81	81	4
chr19	4878667	4880385	uc012bgp.1_5utr	+	2	0,1453,	69,265	334	17
chr19	4878689	4880385	uc008gbg.2_5utr	+	2	0,1431,	116,265	381	19
chr19	4897711	4897717	uc008gbj.2_5utr	-	1	0,	6	6	0
chr19	4906602	4906627	uc008gbk.2_5utr	-	1	0,	25	25	1
chr19	4906602	4906627	uc008gbl.2_5utr	-	1	0,	25	25	1
chr19	4906602	4906627	uc008gbm.2_5utr	-	1	0,	25	25	1
chr19	4914642	4915103	uc008gbq.1_5utr	-	2	0,376,	292,85	377	19
chr19	4927054	4928287	uc008gbo.2_5utr	-	2	0,1165,	5,68	73	4
chr19	4932617	4934013	uc056zhe.1_5utr	-	1	0,	1396	1396	70
chr19	4941911	4943092	uc008gbs.2_5utr	-	2	0,1077,	1,104	105	5
chr19	4941911	4943092	uc012bgq.1_5utr	-	2	0,1026,	1,155	156	8
chr19	4962305	4962392	uc008gbt.2_5utr	+	1	0,	87	87	4
chr19	4987421	4989971	uc012bgr.1_5utr	-	4	0,1037,1314,2220,	927,103,152,330	1512	76
chr19	4989816	4989971	uc008gbu.2_5utr	-	1	0,	155	155	8
chr19	5024005	5024248	uc012bgs.1_5utr	+	1	0,	243	243	12
chr19	5024005	5024248	uc008gbv.2_5utr	+	1	0,	243	243	12
chr19	5038825	5038976	uc008gbx.1_5utr	+	1	0,	151	151	8
chr19	5040306	5045899	uc008gbz.1_5utr	+	2	0,5586,	1184,7	1191	60
chr19	5050807	5050858	uc008gca.1_5utr	+	1	0,	51	51	3
chr19	5068077	5068125	uc008gcb.1_5utr	+	1	0,	48	48	2
chr19	5085372	5085477	uc008gcc.1_5utr	-	1	0,	105	105	5
chr19	5088537	5088717	uc008gcd.2_5utr	+	1	0,	180	180	9
chr19	5094720	5098521	uc012bgt.2_5utr	-	2	0,3462,	80,339	419	21
chr19	5098263	5098521	uc008gce.2_5utr	-	1	0,	258	258	13
chr19	5106938	5106996	uc008gcf.1_5utr	-	1	0,	58	58	3
chr19	5117421	5118408	uc008gcg.1_5utr	-	2	0,700,	11,287	298	15
chr19	5162287	5273119	uc012bgu.1_5utr	-	3	0,5636,110251,	37,88,581	706	35
chr19	5272669	5273107	uc008gci.1_5utr	-	2	0,254,	138,184	322	16
chr19	5272888	5273119	uc008gck.1_5utr	-	1	0,	231	231	12
chr19	5272888	5273119	uc008gcj.1_5utr	-	1	0,	231	231	12
chr19	5283872	5284408	uc008gcl.2_5utr	-	1	0,	536	536	27
chr19	5295394	5295455	uc008gcm.2_5utr	-	1	0,	61	61	3
chr19	5295394	5295455	uc008gcn.2_5utr	-	1	0,	61	61	3
chr19	5298330	5302546	uc008gco.2_5utr	+	2	0,4105,	170,111	281	14
chr19	5349334	5349574	uc008gcq.1_5utr	-	1	0,	240	240	12
chr19	5365940	5366876	uc033him.1_5utr	-	2	0,493,	16,443	459	23
chr19	5365940	5366876	uc008gcs.2_5utr	-	2	0,627,	16,309	325	16
chr19	5365940	5366363	uc008gcr.2_5utr	-	2	0,322,	16,101	117	6
chr19	5366812	5368189	uc008gct.1_5utr	+	2	0,1245,	398,132	530	26
chr19	5388627	5388703	uc008gcu.1_5utr	-	1	0,	76	76	4
chr19	5390919	5394401	uc008gcw.1_5utr	-	2	0,3363,	94,119	213	11
chr19	5424415	5424474	uc008gcy.2_5utr	-	1	0,	59	59	3
chr19	5424714	5424979	uc056zhf.1_5utr	-	1	0,	265	265	13
chr19	5424714	5424979	uc008gcz.2_5utr	-	1	0,	265	265	13
chr19	5425143	5425168	uc008gdb.2_5utr	+	1	0,	25	25	1
chr19	5425143	5425168	uc008gda.2_5utr	+	1	0,	25	25	1
chr19	5447697	5447950	uc008gdc.1_5utr	+	1	0,	253	253	13
chr19	5457397	5457563	uc008gdd.3_5utr	-	1	0,	166	166	8
chr19	5457397	5457563	uc012bgx.2_5utr	-	1	0,	166	166	8
chr19	5460606	5460693	uc008gdf.2_5utr	+	1	0,	87	87	4
chr19	5460606	5460693	uc008gdh.2_5utr	+	1	0,	87	87	4
chr19	5460606	5460693	uc008gdg.2_5utr	+	1	0,	87	87	4
chr19	5460606	5460693	uc008gde.2_5utr	+	1	0,	87	87	4
chr19	5462466	5462570	uc008gdi.1_5utr	+	1	0,	104	104	5
chr19	5463170	5463273	uc008gdj.1_5utr	+	1	0,	103	103	5
chr19	5468483	5468498	uc008gdk.2_5utr	-	1	0,	15	15	1
chr19	5474689	5475067	uc008gdl.2_5utr	+	2	0,371,	85,7	92	5
chr19	5474734	5475010	uc012bgy.1_5utr	+	1	0,	276	276	14
chr19	5488122	5488336	uc008gdn.2_5utr	-	1	0,	214	214	11
chr19	5488122	5488336	uc008gdp.2_5utr	-	1	0,	214	214	11
chr19	5490454	5490599	uc008gdq.2_5utr	+	1	0,	145	145	7
chr19	5503751	5503787	uc008gdt.2_5utr	-	1	0,	36	36	2
chr19	5510371	5510489	uc008gdr.1_5utr	-	1	0,	118	118	6
chr19	5510371	5510489	uc008gds.1_5utr	-	1	0,	118	118	6
chr19	5560300	5560575	uc008gdu.1_5utr	-	1	0,	275	275	14
chr19	5568024	5568457	uc008gdv.1_5utr	+	2	0,415,	59,18	77	4
chr19	5568073	5568457	uc008gdw.1_5utr	+	1	0,	384	384	19
chr19	5601872	5601908	uc008gdx.1_5utr	+	1	0,	36	36	2
chr19	5607922	5609707	uc008gdy.2_5utr	-	5	0,332,715,1313,1540,	42,75,75,137,245	574	29
chr19	5610029	5610094	uc008gec.2_5utr	-	1	0,	65	65	3
chr19	5610029	5610094	uc008geb.2_5utr	-	1	0,	65	65	3
chr19	5610029	5610094	uc008gdz.2_5utr	-	1	0,	65	65	3
chr19	5610029	5610094	uc008ged.2_5utr	-	1	0,	65	65	3
chr19	5637489	5638574	uc008gef.1_5utr	+	3	0,942,1061,	352,27,24	403	20
chr19	5637489	5637834	uc008gee.1_5utr	+	1	0,	345	345	17
chr19	5656265	5663707	uc012bha.1_5utr	-	5	0,3068,3330,4048,7338,	63,177,128,85,104	557	28
chr19	5660944	5663707	uc008gem.2_5utr	-	3	0,651,2659,	167,28,104	299	15
chr19	5660944	5663707	uc008gel.2_5utr	-	2	0,2659,	167,104	271	14
chr19	5660980	5663707	uc008geh.2_5utr	-	3	0,1607,2623,	131,254,104	489	24
chr19	5660980	5663707	uc008gei.2_5utr	-	4	0,615,1607,2623,	131,31,254,104	520	26
chr19	5660980	5663707	uc012bgz.1_5utr	-	2	0,2623,	131,104	235	12
chr19	5660980	5663707	uc008gek.2_5utr	-	2	0,2623,	101,104	205	10
chr19	5660980	5661635	uc008geg.3_5utr	-	2	0,615,	131,40	171	9
chr19	5660980	5663707	uc008gej.2_5utr	-	3	0,615,2623,	131,31,104	266	13
chr19	5671573	5672671	uc008gen.2_5utr	-	2	0,873,	203,225	428	21
chr19	5673346	5673947	uc008geo.2_5utr	-	2	0,133,	8,468	476	24
chr19	5684565	5684672	uc008ger.1_5utr	-	1	0,	107	107	5
chr19	5686651	5688908	uc008ges.2_5utr	-	3	0,799,1345,	567,188,912	1667	83
chr19	5688149	5688908	uc008geq.2_5utr	-	1	0,	759	759	38
chr19	5688149	5688908	uc008gep.2_5utr	-	1	0,	759	759	38
chr19	5689130	5690246	uc008get.1_5utr	+	3	0,346,558,	136,36,558	730	36
chr19	5726020	5726317	uc008gev.2_5utr	-	1	0,	297	297	15
chr19	5726020	5726317	uc008gey.2_5utr	-	1	0,	297	297	15
chr19	5726020	5726317	uc008gex.2_5utr	-	1	0,	297	297	15
chr19	5726020	5726317	uc008gew.2_5utr	-	1	0,	297	297	15
chr19	5726020	5726317	uc012bhc.1_5utr	-	1	0,	297	297	15
chr19	5729527	5730712	uc008gfa.1_5utr	-	1	0,	1185	1185	59
chr19	5729527	5730712	uc008gez.1_5utr	-	1	0,	1185	1185	59
chr19	5731694	5731732	uc008gfd.2_5utr	-	1	0,	38	38	2
chr19	5740903	5742282	uc008gfe.1_5utr	+	2	0,431,	82,948	1030	52
chr19	5740903	5742240	uc008gff.1_5utr	+	2	0,431,	82,906	988	49
chr19	5743902	5746863	uc008gfg.1_5utr	+	3	0,2396,2740,	2218,106,221	2545	127
chr19	5771330	5771401	uc008gfh.1_5utr	-	1	0,	71	71	4
chr19	5771330	5771401	uc008gfi.1_5utr	-	1	0,	71	71	4
chr19	5771330	5771401	uc012bhd.1_5utr	-	1	0,	71	71	4
chr19	5870014	5873419	uc008gfo.1_5utr	-	2	0,3154,	98,251	349	17
chr19	5875090	5875208	uc008gfn.1_5utr	-	1	0,	118	118	6
chr19	5877825	5878654	uc008gfq.1_5utr	+	2	0,781,	270,48	318	16
chr19	5878465	5878654	uc008gfr.1_5utr	+	1	0,	189	189	9
chr19	5878465	5878654	uc008gfs.1_5utr	+	1	0,	189	189	9
chr19	5893100	5894107	uc008gft.1_5utr	-	2	0,869,	14,138	152	8
chr19	5893100	5894107	uc008gfu.2_5utr	-	2	0,869,	17,138	155	8
chr19	5902184	5902491	uc008gfx.1_5utr	-	2	0,178,	32,129	161	8
chr19	5902859	5903329	uc008gfv.3_5utr	-	1	0,	470	470	24
chr19	5907133	5907161	uc012bhh.2_5utr	-	1	0,	28	28	1
chr19	5912772	5912871	uc056zhh.1_5utr	-	1	0,	99	99	5
chr19	5912772	5912871	uc008gfw.3_5utr	-	1	0,	99	99	5
chr19	5918675	5924816	uc008gfz.2_5utr	-	2	0,6088,	318,53	371	19
chr19	5961174	5964206	uc008ggg.2_5utr	-	2	0,2651,	12,381	393	20
chr19	5961174	5964206	uc008gge.2_5utr	-	2	0,2651,	12,381	393	20
chr19	5963904	5964206	uc008ggb.2_5utr	-	1	0,	302	302	15
chr19	5963904	5964206	uc008ggc.2_5utr	-	1	0,	302	302	15
chr19	5963904	5964206	uc008ggf.2_5utr	-	1	0,	302	302	15
chr19	5963904	5964206	uc008ggd.2_5utr	-	1	0,	302	302	15
chr19	5986140	5986143	uc008ggh.1_5utr	-	1	0,	3	3	0
chr19	6014467	6015247	uc012bhi.1_5utr	-	2	0,638,	1,142	143	7
chr19	6014467	6015825	uc008ggk.2_5utr	-	2	0,1268,	1,90	91	5
chr19	6014467	6014476	uc008ggj.2_5utr	-	1	0,	9	9	0
chr19	6046575	6047933	uc008ggm.2_5utr	+	2	0,1341,	553,17	570	28
chr19	6047144	6047933	uc008ggn.2_5utr	+	2	0,772,	186,17	203	10
chr19	6050770	6051282	uc008ggp.1_5utr	+	1	0,	512	512	26
chr19	6050770	6050975	uc008ggo.1_5utr	+	1	0,	205	205	10
chr19	6057736	6057751	uc008ggq.1_5utr	-	1	0,	15	15	1
chr19	6057887	6058250	uc008ggt.2_5utr	+	2	0,358,	114,5	119	6
chr19	6057887	6058250	uc008ggs.2_5utr	+	2	0,355,	114,8	122	6
chr19	6057966	6058250	uc008ggu.2_5utr	+	1	0,	284	284	14
chr19	6061206	6061226	uc008ggv.1_5utr	+	1	0,	20	20	1
chr19	6064135	6064198	uc008ggx.1_5utr	-	1	0,	63	63	3
chr19	6067720	6067850	uc008ggw.1_5utr	-	1	0,	130	130	6
chr19	6067720	6067850	uc008ggy.1_5utr	-	1	0,	130	130	6
chr19	6067720	6067850	uc008ggz.1_5utr	-	1	0,	130	130	6
chr19	6067805	6067867	uc008gha.1_5utr	-	1	0,	62	62	3
chr19	6077178	6077187	uc008ghb.1_5utr	-	1	0,	9	9	0
chr19	6077178	6077187	uc008ghd.1_5utr	-	1	0,	9	9	0
chr19	6077178	6077187	uc008ghc.1_5utr	-	1	0,	9	9	0
chr19	6080037	6080142	uc008ghe.2_5utr	+	1	0,	105	105	5
chr19	6080037	6080142	uc008ghf.2_5utr	+	1	0,	105	105	5
chr19	6084453	6084891	uc008ghg.1_5utr	-	2	0,410,	8,28	36	2
chr19	6085096	6085162	uc008ghh.1_5utr	+	1	0,	66	66	3
chr19	6085750	6090221	uc008ghi.1_5utr	+	4	0,651,801,4300,	88,66,36,171	361	18
chr19	6094418	6094682	uc008ghj.1_5utr	+	2	0,213,	89,51	140	7
chr19	6128147	6128215	uc008ghm.1_5utr	-	1	0,	68	68	3
chr19	6141101	6141137	uc008gho.1_5utr	-	1	0,	36	36	2
chr19	6164457	6164514	uc008ghq.1_5utr	+	1	0,	57	57	3
chr19	6164457	6164514	uc008ghp.1_5utr	+	1	0,	57	57	3
chr19	6184409	6195679	uc012bhj.1_5utr	+	2	0,11254,	173,16	189	9
chr19	6184409	6195679	uc008ghr.2_5utr	+	2	0,11254,	173,16	189	9
chr19	6226400	6226787	uc008ghs.1_5utr	+	2	0,377,	25,10	35	2
chr19	6234831	6235840	uc008ght.1_5utr	-	2	0,680,	268,329	597	30
chr19	6241667	6241795	uc008ghu.1_5utr	+	1	0,	128	128	6
chr19	6245458	6245651	uc008ghv.1_5utr	+	1	0,	193	193	10
chr19	6256551	6256666	uc008ghw.1_5utr	+	1	0,	115	115	6
chr19	6276895	6276974	uc008ghz.1_5utr	+	1	0,	79	79	4
chr19	6306456	6306715	uc008gia.2_5utr	+	1	0,	259	259	13
chr19	6334978	6335068	uc008gib.2_5utr	+	1	0,	90	90	4
chr19	6335012	6335460	uc008gid.2_5utr	+	2	0,432,	70,16	86	4
chr19	6335038	6335460	uc008gic.2_5utr	+	1	0,	422	422	21
chr19	6335038	6335460	uc012bhl.1_5utr	+	1	0,	422	422	21
chr19	6341159	6344415	uc008gii.2_5utr	+	10	0,299,607,1450,1584,1944,2095,2301,2642,3247,	186,58,544,48,43,73,132,63,278,9	1434	72
chr19	6341159	6341789	uc008gih.2_5utr	+	3	0,299,584,	186,58,46	290	14
chr19	6341159	6341249	uc008gie.2_5utr	+	1	0,	90	90	4
chr19	6341159	6341924	uc008gig.2_5utr	+	4	0,299,610,743,	186,58,65,22	331	17
chr19	6341769	6341924	uc008gij.1_5utr	+	2	0,133,	65,22	87	4
chr19	6363689	6364087	uc008gik.2_5utr	+	1	0,	398	398	20
chr19	6363689	6364087	uc008gim.2_5utr	+	1	0,	398	398	20
chr19	6363689	6365694	uc008gil.2_5utr	+	2	0,1974,	429,31	460	23
chr19	6384428	6384478	uc008gio.1_5utr	+	1	0,	50	50	2
chr19	6400582	6401790	uc008gip.1_5utr	+	2	0,1138,	69,70	139	7
chr19	6404653	6404758	uc008gir.1_5utr	+	1	0,	105	105	5
chr19	6408404	6408561	uc008gis.1_5utr	+	1	0,	157	157	8
chr19	6418737	6428048	uc008git.2_5utr	+	2	0,9067,	235,244	479	24
chr19	6418737	6428048	uc008giv.2_5utr	+	2	0,9067,	235,244	479	24
chr19	6418737	6428048	uc012bhm.2_5utr	+	2	0,9067,	235,244	479	24
chr19	6418737	6428048	uc008giu.2_5utr	+	2	0,9067,	235,244	479	24
chr19	6454570	6454818	uc008gix.1_5utr	+	1	0,	248	248	12
chr19	6497834	6498278	uc008giy.1_5utr	+	1	0,	444	444	22
chr19	6538681	6541549	uc012bhn.1_5utr	-	4	0,1893,2378,2831,	118,155,104,37	414	21
chr19	6542752	6543070	uc012bho.1_5utr	-	1	0,	318	318	16
chr19	6840547	6840627	uc008gja.2_5utr	-	1	0,	80	80	4
chr19	6858139	6858211	uc008gjb.1_5utr	-	1	0,	72	72	4
chr19	6909617	6909645	uc008gjc.1_5utr	-	1	0,	28	28	1
chr19	6909697	6910184	uc008gjd.2_5utr	+	2	0,256,	158,231	389	19
chr19	6909697	6910184	uc008gje.2_5utr	+	1	0,	487	487	24
chr19	6909953	6910184	uc008gjf.1_5utr	+	1	0,	231	231	12
chr19	6920387	6921808	uc008gjg.1_5utr	-	2	0,1234,	12,187	199	10
chr19	6920387	6921808	uc008gjh.1_5utr	-	2	0,1234,	12,187	199	10
chr19	6925019	6925352	uc012bhp.1_5utr	-	1	0,	333	333	17
chr19	6925019	6925352	uc033hit.1_5utr	-	1	0,	333	333	17
chr19	6925309	6925380	uc008gji.1_5utr	-	1	0,	71	71	4
chr19	6932891	6934515	uc008gjj.1_5utr	-	2	0,1456,	77,168	245	12
chr19	6940438	6941507	uc008gjl.1_5utr	-	3	0,483,653,	44,28,416	488	24
chr19	6940839	6941193	uc008gjk.2_5utr	-	1	0,	354	354	18
chr19	6940839	6941193	uc012bhq.1_5utr	-	1	0,	354	354	18
chr19	6941860	6942322	uc008gjn.2_5utr	+	1	0,	462	462	23
chr19	6942157	6942450	uc008gjm.1_5utr	-	1	0,	293	293	15
chr19	6942561	6942874	uc008gjo.2_5utr	+	2	0,305,	63,8	71	4
chr19	6957674	6957718	uc008gjp.1_5utr	-	1	0,	44	44	2
chr19	6969645	6969814	uc008gjq.2_5utr	-	1	0,	169	169	8
chr19	6969645	6969814	uc008gjr.2_5utr	-	1	0,	169	169	8
chr19	6975047	6975248	uc008gjs.1_5utr	+	1	0,	201	201	10
chr19	6979137	6980461	uc008gju.2_5utr	-	2	0,1256,	4,68	72	4
chr19	6979137	6980461	uc008gjt.2_5utr	-	2	0,1256,	40,68	108	5
chr19	6987411	6987651	uc008gjw.2_5utr	-	1	0,	240	240	12
chr19	6987411	6987651	uc008gjv.2_5utr	-	1	0,	240	240	12
chr19	6992253	6992272	uc008gjx.1_5utr	-	1	0,	19	19	1
chr19	6992253	6992272	uc008gjy.1_5utr	-	1	0,	19	19	1
chr19	6995718	6996037	uc008gjz.1_5utr	-	2	0,289,	17,30	47	2
chr19	6996130	6996464	uc008gka.2_5utr	+	1	0,	334	334	17
chr19	7018825	7019469	uc008gkd.2_5utr	-	2	0,452,	14,192	206	10
chr19	7018825	7019469	uc012bht.1_5utr	-	2	0,452,	17,192	209	10
chr19	7039888	7040026	uc008gke.2_5utr	-	1	0,	138	138	7
chr19	7039888	7040026	uc008gkf.2_5utr	-	1	0,	138	138	7
chr19	7039888	7039966	uc056zhl.1_5utr	-	1	0,	78	78	4
chr19	7056767	7056890	uc008gkg.2_5utr	+	1	0,	123	123	6
chr19	7097180	7105729	uc008gkh.3_5utr	-	2	0,7906,	49,643	692	35
chr19	7206259	7206284	uc008gki.1_5utr	-	1	0,	25	25	1
chr19	7217512	7217616	uc008gkj.1_5utr	-	1	0,	104	104	5
chr19	7229864	7230153	uc008gkk.2_5utr	-	1	0,	289	289	14
chr19	7240943	7241222	uc008gkl.2_5utr	-	1	0,	279	279	14
chr19	7240943	7241222	uc008gkm.2_5utr	-	1	0,	279	279	14
chr19	7267403	7268961	uc008gkn.1_5utr	+	2	0,1447,	21,111	132	7
chr19	7268661	7268961	uc008gko.1_5utr	+	1	0,	300	300	15
chr19	7269764	7269769	uc008gkp.1_5utr	+	1	0,	5	5	0
chr19	7290737	7295447	uc008gkq.2_5utr	-	2	0,4300,	45,410	455	23
chr19	7341221	7341860	uc008gks.2_5utr	-	1	0,	639	639	32
chr19	7341221	7341860	uc008gkt.2_5utr	-	1	0,	639	639	32
chr19	7341221	7341860	uc008gkr.2_5utr	-	1	0,	639	639	32
chr19	7382801	7383026	uc008gkw.2_5utr	-	1	0,	225	225	11
chr19	7382801	7383026	uc008gkv.2_5utr	-	1	0,	225	225	11
chr19	7417624	7417778	uc008gkz.2_5utr	+	1	0,	154	154	8
chr19	7421027	7421439	uc008gla.1_5utr	+	1	0,	412	412	21
chr19	7458379	7461659	uc029tqx.1_5utr	-	1	0,	3280	3280	164
chr19	7483083	7483291	uc008gle.2_5utr	-	1	0,	208	208	10
chr19	7483083	7483291	uc012bhv.2_5utr	-	1	0,	208	208	10
chr19	7483083	7483291	uc033hiw.1_5utr	-	1	0,	208	208	10
chr19	7483083	7483291	uc008glb.2_5utr	-	1	0,	208	208	10
chr19	7483083	7483291	uc008gld.2_5utr	-	1	0,	208	208	10
chr19	7494039	7494330	uc012bhw.1_5utr	+	1	0,	291	291	15
chr19	7494437	7494615	uc008glg.2_5utr	+	1	0,	178	178	9
chr19	7557458	7557980	uc008gli.1_5utr	+	2	0,473,	106,49	155	8
chr19	7557458	7557980	uc008glh.1_5utr	+	2	0,473,	106,49	155	8
chr19	7557484	7557980	uc008glj.1_5utr	+	2	0,447,	318,49	367	18
chr19	7606730	7607176	uc012bhx.1_5utr	-	1	0,	446	446	22
chr19	7606730	7607181	uc008gll.1_5utr	-	2	0,396,	93,55	148	7
chr19	7606730	7607176	uc008glk.1_5utr	-	1	0,	446	446	22
chr19	7612568	7612610	uc008gln.1_5utr	+	1	0,	42	42	2
chr19	7612568	7612610	uc008glm.1_5utr	+	1	0,	42	42	2
chr19	7711193	7711310	uc008glp.2_5utr	-	1	0,	117	117	6
chr19	7711193	7711310	uc008glq.2_5utr	-	1	0,	117	117	6
chr19	7711193	7711310	uc008glo.2_5utr	-	1	0,	117	117	6
chr19	7802449	7802667	uc008glr.2_5utr	-	1	0,	218	218	11
chr19	7802449	7802667	uc012bhy.2_5utr	-	1	0,	218	218	11
chr19	7926770	7966027	uc008gls.1_5utr	-	2	0,39191,	41,66	107	5
chr19	7966004	7966027	uc012bhz.1_5utr	-	1	0,	23	23	1
chr19	8131776	8131982	uc008glt.1_5utr	-	1	0,	206	206	10
chr19	8218565	8218839	uc008glv.1_5utr	-	2	0,202,	14,72	86	4
chr19	8218673	8218839	uc008glu.1_5utr	-	1	0,	166	166	8
chr19	8218673	8218839	uc008glw.1_5utr	-	1	0,	166	166	8
chr19	8404905	8405105	uc008glz.1_5utr	-	1	0,	200	200	10
chr19	8404905	8405105	uc008gly.1_5utr	-	1	0,	200	200	10
chr19	8404905	8405105	uc008gma.1_5utr	-	1	0,	200	200	10
chr19	8404905	8405105	uc008glx.1_5utr	-	1	0,	200	200	10
chr19	8591253	8593906	uc008gmc.2_5utr	+	3	0,1959,2629,	203,80,24	307	15
chr19	8591253	8593906	uc012bia.1_5utr	+	2	0,2629,	203,24	227	11
chr19	8593181	8593906	uc008gmd.2_5utr	+	2	0,701,	111,24	135	7
chr19	8617995	8618295	uc008gme.2_5utr	+	1	0,	300	300	15
chr19	8664004	8677932	uc008gmf.2_5utr	+	2	0,13857,	453,71	524	26
chr19	8664004	8677932	uc008gmg.2_5utr	+	3	0,904,13857,	453,92,71	616	31
chr19	8713747	8713897	uc012bib.1_5utr	-	1	0,	150	150	8
chr19	8723095	8723369	uc008gmi.2_5utr	-	1	0,	274	274	14
chr19	8735838	8735841	uc008gmm.1_5utr	+	1	0,	3	3	0
chr19	8735838	8735841	uc012bie.1_5utr	+	1	0,	3	3	0
chr19	8740717	8740767	uc008gmn.2_5utr	+	1	0,	50	50	2
chr19	8741423	8742272	uc008gmo.2_5utr	+	2	0,830,	152,19	171	9
chr19	8741802	8742272	uc008gmp.2_5utr	+	1	0,	470	470	24
chr19	8757102	8757231	uc033hiz.1_5utr	+	1	0,	129	129	6
chr19	8757102	8757231	uc008gmr.1_5utr	+	1	0,	129	129	6
chr19	8770995	8771008	uc008gms.1_5utr	+	1	0,	13	13	1
chr19	8774430	8774467	uc008gmt.2_5utr	-	1	0,	37	37	2
chr19	8785129	8786316	uc008gmx.2_5utr	-	2	0,1080,	49,107	156	8
chr19	8785129	8786417	uc008gmy.2_5utr	-	3	0,503,1138,	49,195,150	394	20
chr19	8785129	8786316	uc008gmz.2_5utr	-	2	0,1080,	49,107	156	8
chr19	8798470	8798557	uc008gna.1_5utr	-	1	0,	87	87	4
chr19	8802495	8803024	uc008gnb.1_5utr	+	2	0,478,	36,51	87	4
chr19	8802529	8803024	uc008gnc.1_5utr	+	2	0,444,	156,51	207	10
chr19	8818673	8819270	uc008gne.1_5utr	-	1	0,	597	597	30
chr19	8818673	8819270	uc008gnd.1_5utr	-	1	0,	597	597	30
chr19	8818673	8819294	uc008gnf.1_5utr	-	2	0,347,	11,274	285	14
chr19	8819400	8820281	uc008gng.1_5utr	+	1	0,	881	881	44
chr19	8837466	8839709	uc008gni.2_5utr	+	2	0,2109,	398,134	532	27
chr19	8838652	8839246	uc008gnh.1_5utr	-	2	0,338,	1,256	257	13
chr19	8839327	8839709	uc008gnj.2_5utr	+	1	0,	382	382	19
chr19	8840502	8841212	uc008gnk.3_5utr	+	2	0,605,	66,105	171	9
chr19	8840534	8841212	uc008gnl.2_5utr	+	1	0,	678	678	34
chr19	8850767	8851695	uc008gnm.1_5utr	+	2	0,887,	264,41	305	15
chr19	8850784	8851659	uc008gnn.1_5utr	+	2	0,870,	328,5	333	17
chr19	8871495	8872018	uc008gno.1_5utr	+	2	0,512,	417,11	428	21
chr19	8871558	8871697	uc008gnp.1_5utr	+	2	0,112,	27,27	54	3
chr19	8871592	8871697	uc008gnq.1_5utr	+	1	0,	105	105	5
chr19	8880825	8880933	uc008gnr.2_5utr	-	1	0,	108	108	5
chr19	8883877	8883929	uc033hjc.1_5utr	+	1	0,	52	52	3
chr19	8888882	8888925	uc008gnt.2_5utr	+	1	0,	43	43	2
chr19	8892986	8893068	uc008gnu.2_5utr	+	1	0,	82	82	4
chr19	8898056	8898121	uc008gnv.2_5utr	+	1	0,	65	65	3
chr19	8898056	8898121	uc008gnx.2_5utr	+	1	0,	65	65	3
chr19	8898056	8898121	uc008gnw.2_5utr	+	1	0,	65	65	3
chr19	8907856	8909128	uc012big.2_5utr	+	3	0,1064,1234,	891,88,38	1017	51
chr19	8908677	8909128	uc008gny.1_5utr	+	3	0,243,413,	70,88,38	196	10
chr19	8920392	8920566	uc008gnz.1_5utr	+	1	0,	174	174	9
chr19	8920392	8920566	uc008goa.1_5utr	+	1	0,	174	174	9
chr19	8920392	8920566	uc008gob.1_5utr	+	1	0,	174	174	9
chr19	8929173	8929356	uc008goc.2_5utr	-	1	0,	183	183	9
chr19	8929693	8929930	uc008goe.1_5utr	+	1	0,	237	237	12
chr19	8929693	8929930	uc008god.1_5utr	+	1	0,	237	237	12
chr19	8941919	8942354	uc008gof.1_5utr	+	1	0,	435	435	22
chr19	8953849	8953939	uc008goh.1_5utr	+	1	0,	90	90	4
chr19	8953849	8953939	uc008gog.1_5utr	+	1	0,	90	90	4
chr19	8955386	8955562	uc012bih.1_5utr	+	1	0,	176	176	9
chr19	8967040	8967213	uc008goi.1_5utr	+	1	0,	173	173	9
chr19	8989283	8999772	uc008goj.2_5utr	+	2	0,10378,	146,111	257	13
chr19	8989283	8999772	uc012bii.2_5utr	+	2	0,10378,	146,111	257	13
chr19	8989283	8999772	uc008gok.2_5utr	+	2	0,10378,	146,111	257	13
chr19	9087901	9087956	uc008gom.1_5utr	-	1	0,	55	55	3
chr19	9135554	9135566	uc008gon.1_5utr	-	1	0,	12	12	1
chr19	9559183	9559248	uc033hje.1_5utr	-	1	0,	65	65	3
chr19	9895460	9895471	uc008gor.2_5utr	-	1	0,	11	11	1
chr19	9895460	9899533	uc008gos.2_5utr	-	2	0,3878,	11,195	206	10
chr19	9980599	9982869	uc008got.2_5utr	+	2	0,1768,	291,502	793	40
chr19	9997178	10001633	uc008gou.2_5utr	-	2	0,4279,	36,176	212	11
chr19	10001668	10026725	uc008gov.1_5utr	+	5	0,12211,13213,13562,24861,	549,72,162,55,196	1034	52
chr19	10018227	10018348	uc008gow.1_5utr	+	1	0,	121	121	6
chr19	10018227	10018348	uc008gox.1_5utr	+	1	0,	121	121	6
chr19	10041547	10041731	uc008goz.1_5utr	+	1	0,	184	184	9
chr19	10101429	10101503	uc008gpb.1_5utr	-	1	0,	74	74	4
chr19	10101429	10101503	uc008gpc.1_5utr	-	1	0,	74	74	4
chr19	10182887	10183051	uc008gpd.2_5utr	+	1	0,	164	164	8
chr19	10182887	10183051	uc008gpe.2_5utr	+	1	0,	164	164	8
chr19	10201078	10203943	uc008gpf.2_5utr	-	2	0,2620,	19,245	264	13
chr19	10201078	10203943	uc008gph.2_5utr	-	2	0,2609,	19,256	275	14
chr19	10201078	10203943	uc008gpg.2_5utr	-	2	0,2725,	19,140	159	8
chr19	10204201	10204261	uc008gpi.2_5utr	+	1	0,	60	60	3
chr19	10206032	10206435	uc008gpj.2_5utr	+	2	0,391,	92,12	104	5
chr19	10219121	10219128	uc008gpk.2_5utr	-	1	0,	7	7	0
chr19	10240604	10240748	uc008gpl.1_5utr	-	1	0,	144	144	7
chr19	10240604	10240748	uc012bim.1_5utr	-	1	0,	144	144	7
chr19	10240604	10240748	uc012bil.1_5utr	-	1	0,	144	144	7
chr19	10269323	10304877	uc008gpn.1_5utr	-	5	0,393,1687,2170,35497,	2,102,189,138,57	488	24
chr19	10271588	10304877	uc008gpm.1_5utr	-	2	0,33232,	43,57	100	5
chr19	10389089	10389482	uc008gpp.2_5utr	+	1	0,	393	393	20
chr19	10389089	10389482	uc008gpq.2_5utr	+	1	0,	393	393	20
chr19	10389089	10389482	uc012bin.1_5utr	+	1	0,	393	393	20
chr19	10457315	10457447	uc012bio.2_5utr	-	1	0,	132	132	7
chr19	10482341	10482897	uc008gps.1_5utr	-	2	0,486,	27,70	97	5
chr19	10525094	10525209	uc008gpv.1_5utr	-	1	0,	115	115	6
chr19	10525094	10525209	uc008gpt.2_5utr	-	1	0,	115	115	6
chr19	10525243	10526006	uc008gpx.2_5utr	+	2	0,708,	84,55	139	7
chr19	10525243	10535255	uc008gpz.2_5utr	+	7	0,708,6537,6887,7576,8049,9860,	84,109,219,66,104,173,152	907	45
chr19	10525243	10526006	uc008gpw.2_5utr	+	2	0,708,	84,55	139	7
chr19	10525243	10526006	uc008gpy.2_5utr	+	2	0,708,	84,55	139	7
chr19	10525243	10526006	uc008gqa.2_5utr	+	2	0,708,	84,55	139	7
chr19	10554574	10556238	uc008gqc.2_5utr	-	3	0,488,1540,	47,102,124	273	14
chr19	10554574	10555763	uc033hjh.1_5utr	-	3	0,488,1124,	47,102,65	214	11
chr19	10555725	10555763	uc033hji.1_5utr	-	1	0,	38	38	2
chr19	10575367	10577086	uc008gqf.2_5utr	-	2	0,1601,	144,118	262	13
chr19	10575367	10577386	uc008gqd.2_5utr	-	2	0,1716,	144,303	447	22
chr19	10577156	10582312	uc008gqi.2_5utr	+	3	0,3306,5141,	927,100,15	1042	52
chr19	10577156	10582312	uc008gqh.2_5utr	+	5	0,577,1825,3306,5141,	407,350,93,100,15	965	48
chr19	10577156	10582312	uc008gqj.2_5utr	+	4	0,1825,3306,5141,	927,93,100,15	1135	57
chr19	10577156	10582312	uc008gqg.2_5utr	+	4	0,1825,3306,5141,	737,93,100,15	945	47
chr19	10604170	10605432	uc008gqk.1_5utr	-	2	0,1238,	103,24	127	6
chr19	10604170	10604273	uc008gql.1_5utr	-	1	0,	103	103	5
chr19	10605624	10605705	uc008gqm.1_5utr	+	1	0,	81	81	4
chr19	10634232	10634473	uc008gqo.2_5utr	+	1	0,	241	241	12
chr19	10677971	10678071	uc008gqp.2_5utr	-	1	0,	100	100	5
chr19	10688734	10711329	uc008gqr.1_5utr	+	3	0,17475,22536,	75,99,59	233	12
chr19	10688750	10706215	uc008gqs.1_5utr	+	2	0,17459,	233,6	239	12
chr19	10688814	10706215	uc008gqt.1_5utr	+	2	0,17395,	165,6	171	9
chr19	10738846	10738974	uc008gqv.1_5utr	-	1	0,	128	128	6
chr19	10740946	10781826	uc008gqw.2_5utr	+	2	0,40815,	56,65	121	6
chr19	10798571	10798744	uc008gqx.1_5utr	-	1	0,	173	173	9
chr19	10829856	10830058	uc008gqy.1_5utr	-	1	0,	202	202	10
chr19	10829856	10830058	uc008gqz.1_5utr	-	1	0,	202	202	10
chr19	10842543	10843020	uc008grb.1_5utr	+	1	0,	477	477	24
chr19	10842543	10843020	uc008gra.2_5utr	+	1	0,	477	477	24
chr19	10869626	10869779	uc008grd.1_5utr	-	1	0,	153	153	8
chr19	10869626	10869779	uc008grc.1_5utr	-	1	0,	153	153	8
chr19	10874478	10881743	uc008gre.2_5utr	-	2	0,7173,	8,92	100	5
chr19	10895230	10895449	uc008grg.2_5utr	+	1	0,	219	219	11
chr19	10895230	10895449	uc008grf.2_5utr	+	1	0,	219	219	11
chr19	10898644	10898991	uc029trh.1_5utr	+	2	0,338,	115,9	124	6
chr19	10920575	10920601	uc008grh.2_5utr	-	1	0,	26	26	1
chr19	10937159	10940120	uc008gri.1_5utr	+	3	0,1806,2901,	102,91,60	253	13
chr19	10949233	10949266	uc008grj.2_5utr	-	1	0,	33	33	2
chr19	10968765	10974670	uc012bir.1_5utr	-	2	0,5853,	22,52	74	4
chr19	10968765	10974670	uc008grk.1_5utr	-	2	0,5853,	22,52	74	4
chr19	10993177	10993250	uc008grl.1_5utr	-	1	0,	73	73	4
chr19	10993177	10993250	uc012bis.1_5utr	-	1	0,	73	73	4
chr19	10993188	10993250	uc012bit.1_5utr	-	1	0,	62	62	3
chr19	11013728	11017963	uc008grm.1_5utr	-	2	0,4163,	12,72	84	4
chr19	11081096	11081103	uc008gro.1_5utr	-	1	0,	7	7	0
chr19	11081096	11081103	uc008grp.1_5utr	-	1	0,	7	7	0
chr19	11116466	11130878	uc008grq.2_5utr	-	2	0,14019,	50,393	443	22
chr19	11163453	11165320	uc008grs.1_5utr	-	3	0,1517,1818,	38,80,49	167	8
chr19	11192978	11196723	uc008gru.1_5utr	-	2	0,3566,	65,179	244	12
chr19	11192978	11196723	uc008grv.1_5utr	-	2	0,3566,	65,179	244	12
chr19	11258776	11266151	uc008grx.2_5utr	-	2	0,7271,	60,104	164	8
chr19	11258821	11266151	uc008grw.1_5utr	-	2	0,7226,	15,104	119	6
chr19	11283793	11283813	uc008gry.1_5utr	-	1	0,	20	20	1
chr19	11283793	11283813	uc012biv.1_5utr	-	1	0,	20	20	1
chr19	11333353	11336146	uc008gsa.3_5utr	-	2	0,2653,	13,140	153	8
chr19	11333353	11336146	uc008gsb.2_5utr	-	2	0,2653,	13,140	153	8
chr19	11333353	11336146	uc008grz.3_5utr	-	2	0,2653,	13,140	153	8
chr19	11334401	11334695	uc033hjk.1_5utr	-	1	0,	294	294	15
chr19	11407660	11414816	uc008gsc.2_5utr	+	2	0,7131,	107,25	132	7
chr19	11414791	11414816	uc012biw.1_5utr	+	1	0,	25	25	1
chr19	11443557	11449918	uc008gse.1_5utr	+	2	0,6336,	103,25	128	6
chr19	11443557	11449918	uc008gsf.1_5utr	+	2	0,6336,	103,25	128	6
chr19	11443557	11449918	uc008gsd.1_5utr	+	2	0,6336,	103,25	128	6
chr19	11469367	11471104	uc008gsh.2_5utr	+	2	0,1721,	189,16	205	10
chr19	11469367	11471104	uc008gsg.2_5utr	+	2	0,1721,	189,16	205	10
chr19	11492037	11502207	uc012bix.1_5utr	+	2	0,10121,	98,49	147	7
chr19	11518558	11520338	uc008gsk.1_5utr	+	2	0,1764,	116,16	132	7
chr19	11536848	11548503	uc008gsl.1_5utr	+	2	0,11630,	312,25	337	17
chr19	11603292	11604804	uc008gsm.1_5utr	-	2	0,1381,	16,131	147	7
chr19	11623621	11623719	uc008gso.2_5utr	-	1	0,	98	98	5
chr19	11623621	11623719	uc008gsn.2_5utr	-	1	0,	98	98	5
chr19	11623621	11623719	uc012biy.2_5utr	-	1	0,	98	98	5
chr19	11623621	11623719	uc033hjl.1_5utr	-	1	0,	98	98	5
chr19	11639276	11640851	uc008gsp.2_5utr	-	2	0,1390,	41,185	226	11
chr19	11639276	11640851	uc008gsq.2_5utr	-	2	0,1390,	23,185	208	10
chr19	11639276	11640851	uc008gsr.2_5utr	-	2	0,1390,	23,185	208	10
chr19	11660527	11660559	uc008gss.1_5utr	-	1	0,	32	32	2
chr19	11691017	11691051	uc008gst.1_5utr	-	1	0,	34	34	2
chr19	11697054	11697098	uc008gsv.1_5utr	+	1	0,	44	44	2
chr19	11747558	11747646	uc008gsw.1_5utr	+	1	0,	88	88	4
chr19	11770414	11770469	uc008gsx.1_5utr	+	1	0,	55	55	3
chr19	11788234	11819403	uc008gta.2_5utr	-	6	0,1322,1813,3511,15259,30457,	2,75,46,100,84,712	1019	51
chr19	11818721	11819403	uc008gtb.2_5utr	-	1	0,	682	682	34
chr19	11818721	11819403	uc008gsz.1_5utr	-	1	0,	682	682	34
chr19	11818721	11819403	uc008gsy.1_5utr	-	1	0,	682	682	34
chr19	11912398	11912562	uc008gth.2_5utr	+	1	0,	164	164	8
chr19	11914347	11922502	uc008gti.2_5utr	+	6	0,5830,6457,7021,7573,8119,	112,218,81,195,74,36	716	36
chr19	11965843	11965940	uc008gtj.1_5utr	+	1	0,	97	97	5
chr19	11977015	11977195	uc008gtk.1_5utr	+	1	0,	180	180	9
chr19	12088790	12091847	uc008gto.1_5utr	-	3	0,654,2892,	156,171,165	492	25
chr19	12279853	12283049	uc008gtv.2_5utr	+	2	0,3177,	118,19	137	7
chr19	12427904	12428386	uc008gua.1_5utr	+	2	0,432,	144,50	194	10
chr19	12460778	12461179	uc008gub.1_5utr	+	2	0,254,	83,147	230	12
chr19	12492443	12502145	uc008gud.1_5utr	-	2	0,9660,	107,42	149	7
chr19	12501217	12501996	uc008guc.2_5utr	-	1	0,	779	779	39
chr19	12573524	12584044	uc008guf.1_5utr	+	3	0,3565,10398,	56,81,122	259	13
chr19	12573524	12586888	uc012bja.1_5utr	+	3	0,3565,13310,	56,81,54	191	10
chr19	12599983	12613483	uc012bjc.1_5utr	+	2	0,13482,	106,18	124	6
chr19	12600015	12613483	uc008gug.2_5utr	+	2	0,13450,	168,18	186	9
chr19	12633307	12646323	uc008gui.1_5utr	+	3	0,6464,12995,	299,132,21	452	23
chr19	12633307	12639785	uc008guh.1_5utr	+	2	0,6464,	299,14	313	16
chr19	12674178	12674206	uc008guj.2_5utr	+	1	0,	28	28	1
chr19	12678165	12680109	uc008guk.1_5utr	+	3	0,918,1915,	470,102,29	601	30
chr19	12695789	12709608	uc008gul.2_5utr	+	2	0,13807,	52,12	64	3
chr19	12695789	12709608	uc008gum.2_5utr	+	2	0,13807,	52,12	64	3
chr19	12765394	12765632	uc008gun.1_5utr	-	1	0,	238	238	12
chr19	12795333	12796123	uc008gup.2_5utr	-	1	0,	790	790	40
chr19	12798608	12798666	uc008guq.1_5utr	+	1	0,	58	58	3
chr19	12905230	12905334	uc008guv.1_5utr	+	1	0,	104	104	5
chr19	13500545	13502344	uc008gvq.1_5utr	+	2	0,1774,	127,25	152	8
chr19	13780547	13780613	uc008gvz.2_5utr	+	1	0,	66	66	3
chr19	14597127	14597213	uc056zhs.1_5utr	-	1	0,	86	86	4
chr19	14597391	14598183	uc008gwm.2_5utr	-	1	0,	792	792	40
chr19	14597412	14598183	uc056zht.1_5utr	-	1	0,	771	771	39
chr19	14597412	14598183	uc008gwk.2_5utr	-	1	0,	771	771	39
chr19	14597412	14598183	uc008gwl.2_5utr	-	1	0,	771	771	39
chr19	15909449	15909712	uc008gwn.2_5utr	-	1	0,	263	263	13
chr19	15924354	15924622	uc008gwo.2_5utr	-	1	0,	268	268	13
chr19	15924923	15925059	uc008gwp.2_5utr	-	1	0,	136	136	7
chr19	15974500	15974952	uc008gwq.1_5utr	-	1	0,	452	452	23
chr19	15984880	15984989	uc008gwr.1_5utr	-	1	0,	109	109	5
chr19	16132830	16133325	uc008gwt.1_5utr	+	1	0,	495	495	25
chr19	16435666	16436693	uc008gwu.2_5utr	+	1	0,	1027	1027	51
chr19	16436695	16437010	uc056zhu.1_5utr	-	1	0,	315	315	16
chr19	16640662	16640700	uc008gww.1_5utr	-	1	0,	38	38	2
chr19	16664841	16666436	uc008gwx.1_5utr	-	2	0,1312,	63,283	346	17
chr19	16678049	16678109	uc008gwy.1_5utr	-	1	0,	60	60	3
chr19	16741260	16750541	uc008gxa.1_5utr	-	7	0,1178,1735,4400,4690,8265,8586,	11,130,63,107,128,58,695	1192	60
chr19	16780769	16780933	uc008gwv.2_5utr	-	1	0,	164	164	8
chr19	16780769	16780933	uc008gxb.2_5utr	-	1	0,	164	164	8
chr19	16873640	16873830	uc008gxc.1_5utr	-	1	0,	190	190	10
chr19	16956117	16956256	uc008gxg.2_5utr	+	1	0,	139	139	7
chr19	16956117	16956256	uc008gxd.1_5utr	+	1	0,	139	139	7
chr19	16956117	17168284	uc008gxf.2_5utr	+	2	0,212145,	175,22	197	10
chr19	17124937	17125263	uc008gxh.2_5utr	+	1	0,	326	326	16
chr19	17136767	17168284	uc008gxk.2_5utr	+	2	0,31495,	124,22	146	7
chr19	17136767	17168284	uc008gxi.1_5utr	+	2	0,31495,	124,22	146	7
chr19	17136767	17168284	uc008gxj.2_5utr	+	2	0,31495,	124,22	146	7
chr19	17330359	17372844	uc008gxn.2_5utr	-	3	0,2750,42406,	129,147,79	355	18
chr19	17330359	17356667	uc008gxm.2_5utr	-	3	0,2750,26197,	129,147,111	387	19
chr19	17330359	17339505	uc012bjg.2_5utr	-	3	0,2750,9108,	129,147,38	314	16
chr19	17394042	17394310	uc008gxo.2_5utr	+	1	0,	268	268	13
chr19	17837152	17837632	uc008gxp.2_5utr	-	1	0,	480	480	24
chr19	17837152	17837632	uc008gxr.1_5utr	-	1	0,	480	480	24
chr19	17837152	17837632	uc008gxq.2_5utr	-	1	0,	480	480	24
chr19	18631653	18631813	uc008gxs.2_5utr	-	1	0,	160	160	8
chr19	18631961	18636113	uc008gxt.1_5utr	+	2	0,4117,	38,35	73	4
chr19	18632015	18636113	uc008gxu.1_5utr	+	2	0,4063,	66,35	101	5
chr19	18670779	18670999	uc008gxv.1_5utr	+	1	0,	220	220	11
chr19	18670878	18671423	uc008gxw.1_5utr	+	1	0,	545	545	27
chr19	18713235	18713323	uc008gxy.1_5utr	+	1	0,	88	88	4
chr19	18713235	18713323	uc008gxz.1_5utr	+	1	0,	88	88	4
chr19	18749982	18750030	uc008gya.1_5utr	+	1	0,	48	48	2
chr19	18758624	18783105	uc008gyb.1_5utr	+	5	0,13696,18068,19895,24415,	58,74,39,178,66	415	21
chr19	18983354	19001117	uc008gyd.2_5utr	-	4	0,4676,10913,17652,	129,86,53,111	379	19
chr19	18983354	19001117	uc008gyf.1_5utr	-	4	0,4676,10913,17652,	129,86,53,111	379	19
chr19	19001046	19001117	uc008gyg.1_5utr	-	1	0,	71	71	4
chr19	19001046	19001117	uc008gyc.2_5utr	-	1	0,	71	71	4
chr19	19110558	19111196	uc008gye.2_5utr	-	1	0,	638	638	32
chr19	20384758	20390671	uc008gyi.1_5utr	-	2	0,5853,	14,60	74	4
chr19	20601981	20602011	uc008gym.1_5utr	+	1	0,	30	30	2
chr19	20727512	20727556	uc008gyn.1_5utr	-	1	0,	44	44	2
chr19	20814510	20814667	uc008gyq.1_5utr	-	1	0,	157	157	8
chr19	20814510	20814667	uc008gyo.1_5utr	-	1	0,	157	157	8
chr19	20832388	20832493	uc008gyr.1_5utr	-	1	0,	105	105	5
chr19	20940908	20954202	uc008gyp.1_5utr	-	2	0,13235,	104,59	163	8
chr19	21272277	21276434	uc008gyw.2_5utr	+	2	0,4148,	465,9	474	24
chr19	21472490	21472661	uc008gyy.1_5utr	-	1	0,	171	171	9
chr19	21472490	21472661	uc008gyx.1_5utr	-	1	0,	171	171	9
chr19	21652708	21652791	uc008gyz.1_5utr	-	1	0,	83	83	4
chr19	21653308	21678355	uc012bjk.1_5utr	+	2	0,25044,	285,3	288	14
chr19	21653308	21678355	uc008gzb.1_5utr	+	2	0,25044,	285,3	288	14
chr19	21653308	21678355	uc008gza.1_5utr	+	2	0,25044,	285,3	288	14
chr19	21680635	21680991	uc008gzc.1_5utr	+	1	0,	356	356	18
chr19	21778339	21792649	uc008gzf.2_5utr	+	2	0,14298,	447,12	459	23
chr19	21778339	21792649	uc008gzh.2_5utr	+	2	0,14298,	447,12	459	23
chr19	21778339	21792649	uc008gzg.2_5utr	+	3	0,1831,14298,	447,82,12	541	27
chr19	21778339	21792649	uc008gze.2_5utr	+	2	0,14298,	447,12	459	23
chr19	21778339	21792649	uc008gzd.2_5utr	+	2	0,14298,	447,12	459	23
chr19	22139116	22139118	uc008gzm.1_5utr	+	1	0,	2	2	0
chr19	22139116	22139118	uc008gzn.1_5utr	+	1	0,	2	2	0
chr19	22139116	22139118	uc008gzj.1_5utr	+	1	0,	2	2	0
chr19	22139116	22139118	uc008gzl.1_5utr	+	1	0,	2	2	0
chr19	22139116	22139118	uc008gzk.1_5utr	+	1	0,	2	2	0
chr19	22448207	22448282	uc033hkc.1_5utr	+	1	0,	75	75	4
chr19	22448207	22448282	uc008gzo.1_5utr	+	1	0,	75	75	4
chr19	22448207	22448282	uc029trt.1_5utr	+	1	0,	75	75	4
chr19	22448207	22448282	uc029trr.1_5utr	+	1	0,	75	75	4
chr19	22448207	22448282	uc029trp.1_5utr	+	1	0,	75	75	4
chr19	22448207	22448282	uc033hkj.1_5utr	+	1	0,	75	75	4
chr19	22448207	22448282	uc033hkf.1_5utr	+	1	0,	75	75	4
chr19	22448207	22448282	uc033hkh.1_5utr	+	1	0,	75	75	4
chr19	22448207	22448282	uc029trs.1_5utr	+	1	0,	75	75	4
chr19	22448207	22448282	uc033hkd.1_5utr	+	1	0,	75	75	4
chr19	22448207	22448282	uc029trq.1_5utr	+	1	0,	75	75	4
chr19	22448207	22448282	uc033hkb.1_5utr	+	1	0,	75	75	4
chr19	22448207	22448282	uc033hkk.1_5utr	+	1	0,	75	75	4
chr19	22448207	22448282	uc033hkg.1_5utr	+	1	0,	75	75	4
chr19	22448207	22448282	uc033hki.1_5utr	+	1	0,	75	75	4
chr19	22448207	22448282	uc033hke.1_5utr	+	1	0,	75	75	4
chr19	22692618	22698930	uc008gzr.1_5utr	+	3	0,4803,6110,	233,80,202	515	26
chr19	22692618	22698930	uc008gzt.1_5utr	+	3	0,4803,6110,	233,80,202	515	26
chr19	22692618	22698930	uc008gzp.1_5utr	+	3	0,4803,6110,	233,80,202	515	26
chr19	22692618	22698930	uc008gzu.1_5utr	+	3	0,4803,6110,	233,80,202	515	26
chr19	22692618	22698930	uc008gzq.1_5utr	+	3	0,4803,6110,	233,80,202	515	26
chr19	22692618	22698930	uc008gzs.1_5utr	+	3	0,4803,6110,	233,80,202	515	26
chr19	22698728	22698930	uc008gzv.1_5utr	+	1	0,	202	202	10
chr19	22766633	22885368	uc012bjm.1_5utr	+	6	0,26697,90044,95169,117250,118714,	175,124,73,110,101,21	604	30
chr19	22915959	22918608	uc008gzw.1_5utr	+	2	0,2643,	60,6	66	3
chr19	23141225	23141754	uc008gzz.1_5utr	+	1	0,	529	529	26
chr19	23210343	23210366	uc029tru.1_5utr	-	1	0,	23	23	1
chr19	23268825	23272599	uc029trv.1_5utr	-	2	0,3681,	43,93	136	7
chr19	23273818	23273897	uc008hab.2_5utr	-	1	0,	79	79	4
chr19	23273818	23273897	uc008haa.2_5utr	-	1	0,	79	79	4
chr19	23353337	23448322	uc012bjo.1_5utr	-	7	0,5812,20580,23928,25325,94242,94687,	110,94,138,85,272,114,298	1111	56
chr19	23448058	23448322	uc008hac.1_5utr	-	1	0,	264	264	13
chr19	23652726	23652812	uc008had.1_5utr	-	1	0,	86	86	4
chr19	23687399	23687459	uc008hag.2_5utr	+	1	0,	60	60	3
chr19	23758875	23892805	uc012bjp.1_5utr	+	2	0,133859,	216,71	287	14
chr19	23758875	23892805	uc008hai.1_5utr	+	2	0,133859,	216,71	287	14
chr19	24030937	24031019	uc008hak.2_5utr	-	1	0,	82	82	4
chr19	24138823	24225026	uc008ham.2_5utr	-	2	0,86027,	9,176	185	9
chr19	24146926	24147069	uc008han.1_5utr	-	1	0,	143	143	7
chr19	24174014	24174140	uc012bjq.1_5utr	-	1	0,	126	126	6
chr19	24280565	24280586	uc008hao.1_5utr	-	1	0,	21	21	1
chr19	24443601	24555827	uc008hap.1_5utr	-	2	0,112163,	87,63	150	8
chr19	24443601	24555827	uc012bjs.1_5utr	-	2	0,112163,	87,63	150	8
chr19	24477356	24477474	uc008haq.1_5utr	-	1	0,	118	118	6
chr19	24674007	24674068	uc008har.1_5utr	+	1	0,	61	61	3
chr19	24861789	24861842	uc008has.1_5utr	-	1	0,	53	53	3
chr19	24861789	24861842	uc008hat.1_5utr	-	1	0,	53	53	3
chr19	24861789	24861842	uc008hau.1_5utr	-	1	0,	53	53	3
chr19	24900834	24901309	uc008hav.1_5utr	-	1	0,	475	475	24
chr19	24953320	24961616	uc008hax.2_5utr	-	4	0,2015,4583,7996,	31,97,87,300	515	26
chr19	24961531	24961616	uc008haw.2_5utr	-	1	0,	85	85	4
chr19	24999528	24999650	uc008hba.1_5utr	+	1	0,	122	122	6
chr19	24999528	24999650	uc008hay.1_5utr	+	1	0,	122	122	6
chr19	24999528	24999650	uc008haz.1_5utr	+	1	0,	122	122	6
chr19	25052589	25094389	uc008hbc.1_5utr	+	9	0,8518,12798,25498,27169,33590,35080,37301,41749,	49,176,72,116,216,86,67,150,51	983	49
chr19	25052589	25094389	uc008hbb.1_5utr	+	9	0,8518,12798,25490,27252,33590,35080,37301,41749,	49,176,72,124,133,86,67,150,51	908	45
chr19	25079758	25094389	uc008hbd.1_5utr	+	5	0,6421,7911,10132,14580,	216,86,67,150,51	570	28
chr19	25237201	25378493	uc008hbf.1_5utr	+	4	0,37546,81103,141209,	116,87,128,83	414	21
chr19	25406995	25409522	uc008hbg.1_5utr	+	2	0,2090,	38,437	475	24
chr19	25409085	25409522	uc008hbh.1_5utr	+	1	0,	437	437	22
chr19	25505705	25505853	uc008hbi.1_5utr	+	1	0,	148	148	7
chr19	25505705	25505853	uc012bjv.1_5utr	+	1	0,	148	148	7
chr19	25505705	25505853	uc012bju.1_5utr	+	1	0,	148	148	7
chr19	25610536	25610798	uc008hbk.2_5utr	+	1	0,	262	262	13
chr19	25672410	25673451	uc008hbm.1_5utr	+	2	0,1005,	348,36	384	19
chr19	26605159	26619719	uc008hbn.1_5utr	+	2	0,14524,	74,36	110	6
chr19	26605159	26619746	uc012bjw.1_5utr	+	2	0,14524,	74,63	137	7
chr19	26748402	26751850	uc008hbr.1_5utr	+	4	0,1449,2719,3421,	142,96,35,27	300	15
chr19	26751823	26771561	uc012bjx.1_5utr	+	2	0,19684,	218,54	272	14
chr19	26885924	26885978	uc008hbs.1_5utr	+	1	0,	54	54	3
chr19	27217019	27217614	uc008hbu.2_5utr	+	1	0,	595	595	30
chr19	27217019	27217614	uc008hbt.2_5utr	+	1	0,	595	595	30
chr19	27322618	27322750	uc008hbw.1_5utr	+	1	0,	132	132	7
chr19	27421416	27421483	uc008hbz.1_5utr	-	1	0,	67	67	3
chr19	27427121	27427128	uc008hca.1_5utr	-	1	0,	7	7	0
chr19	27427121	27429820	uc008hby.1_5utr	-	2	0,2670,	7,29	36	2
chr19	27900895	27982946	uc012bkc.1_5utr	-	3	0,22312,81958,	8,59,93	160	8
chr19	27900895	28011166	uc008hce.2_5utr	-	2	0,110076,	8,195	203	10
chr19	27900895	28011166	uc008hcd.3_5utr	-	3	0,22312,110076,	8,59,195	262	13
chr19	27900895	28011166	uc008hcc.2_5utr	-	4	0,22312,81958,110076,	8,59,93,195	355	18
chr19	27900895	28011166	uc008hcb.2_5utr	-	2	0,110076,	8,195	203	10
chr19	28283669	28300376	uc008hcf.2_5utr	-	3	0,15108,16651,	158,169,56	383	19
chr19	28531754	28680077	uc008hcj.2_5utr	-	3	0,133998,147841,	232,484,482	1198	60
chr19	28540328	28540420	uc008hch.2_5utr	-	1	0,	92	92	5
chr19	28666140	28680077	uc008hci.2_5utr	-	2	0,13455,	96,482	578	29
chr19	28835165	28835241	uc008hcl.1_5utr	+	1	0,	76	76	4
chr19	28835165	28835241	uc008hcm.1_5utr	+	1	0,	76	76	4
chr19	28893035	28894341	uc008hcn.2_5utr	+	1	0,	1306	1306	65
chr19	28895792	28896087	uc008hco.1_5utr	+	1	0,	295	295	15
chr19	28963550	28964154	uc008hcq.1_5utr	-	2	0,270,	123,334	457	23
chr19	28963550	28963673	uc012bke.1_5utr	-	1	0,	123	123	6
chr19	28963550	28963673	uc012bkf.1_5utr	-	1	0,	123	123	6
chr19	28963919	28964000	uc008hcr.2_5utr	+	1	0,	81	81	4
chr19	28990351	28990537	uc008hcv.2_5utr	+	1	0,	186	186	9
chr19	28990351	28990537	uc008hcw.2_5utr	+	1	0,	186	186	9
chr19	28990351	28990537	uc029try.2_5utr	+	1	0,	186	186	9
chr19	28990351	28990537	uc008hct.2_5utr	+	1	0,	186	186	9
chr19	28990351	28990537	uc008hcs.2_5utr	+	1	0,	186	186	9
chr19	28990351	28990537	uc008hcu.2_5utr	+	1	0,	186	186	9
chr19	29047829	29047902	uc008hcx.1_5utr	-	1	0,	73	73	4
chr19	29101374	29101504	uc008hda.1_5utr	+	1	0,	130	130	6
chr19	29251802	29262207	uc008hdc.2_5utr	+	2	0,10380,	316,25	341	17
chr19	29251802	29262207	uc008hdb.2_5utr	+	3	0,634,10380,	316,83,25	424	21
chr19	29325315	29325318	uc008hdd.1_5utr	-	1	0,	3	3	0
chr19	29334596	29334670	uc008hde.2_5utr	-	1	0,	74	74	4
chr19	29358397	29361871	uc008hdf.1_5utr	-	3	0,2419,3399,	6,111,75	192	10
chr19	29358397	29361871	uc008hdg.1_5utr	-	4	0,2419,2644,3399,	6,111,98,75	290	14
chr19	29367437	29372467	uc008hdi.2_5utr	+	2	0,5016,	69,14	83	4
chr19	29410918	29422383	uc008hdk.2_5utr	+	2	0,11452,	223,13	236	12
chr19	29422058	29422383	uc008hdl.2_5utr	+	1	0,	325	325	16
chr19	29522281	29522522	uc008hdr.1_5utr	+	1	0,	241	241	12
chr19	29522281	29522522	uc008hdq.1_5utr	+	1	0,	241	241	12
chr19	29522281	29522522	uc008hds.1_5utr	+	1	0,	241	241	12
chr19	29595270	29599862	uc012bkj.1_5utr	+	2	0,4561,	729,31	760	38
chr19	29648355	29648420	uc008hdv.1_5utr	-	1	0,	65	65	3
chr19	29648355	29648420	uc008hdu.1_5utr	-	1	0,	65	65	3
chr19	29648355	29648420	uc008hdw.1_5utr	-	1	0,	65	65	3
chr19	29697940	29700099	uc008hdx.1_5utr	+	2	0,2136,	23,23	46	2
chr19	29805874	29806009	uc008hdy.2_5utr	-	1	0,	135	135	7
chr19	29812950	29812974	uc008heb.2_5utr	-	1	0,	24	24	1
chr19	29925113	29949670	uc008hec.2_5utr	+	2	0,24546,	48,11	59	3
chr19	29945789	29949670	uc008hed.2_5utr	+	2	0,3870,	69,11	80	4
chr19	30003789	30003846	uc008hee.1_5utr	+	1	0,	57	57	3
chr19	30030512	30030778	uc008hef.1_5utr	+	1	0,	266	266	13
chr19	30030512	30030778	uc008hei.1_5utr	+	1	0,	266	266	13
chr19	30030512	30030778	uc008heh.1_5utr	+	1	0,	266	266	13
chr19	30175260	30175441	uc008hej.2_5utr	-	1	0,	181	181	9
chr19	30175260	30175441	uc008hek.2_5utr	-	1	0,	181	181	9
chr19	30232956	30233980	uc008hel.1_5utr	+	3	0,704,1015,	56,111,9	176	9
chr19	30539545	30539679	uc008hem.1_5utr	-	1	0,	134	134	7
chr19	30549379	30549496	uc008hen.2_5utr	-	1	0,	117	117	6
chr19	31082840	31083065	uc008her.1_5utr	+	1	0,	225	225	11
chr19	31664281	31664370	uc008heo.2_5utr	-	1	0,	89	89	4
chr19	31764822	31765033	uc008hep.2_5utr	-	1	0,	211	211	11
chr19	31868760	31893099	uc008het.1_5utr	+	2	0,24294,	99,45	144	7
chr19	31868760	31911123	uc012bkl.1_5utr	+	3	0,40031,42345,	99,135,18	252	13
chr19	31868760	31893099	uc008heu.1_5utr	+	2	0,24294,	99,45	144	7
chr19	31908791	31911123	uc008hev.1_5utr	+	2	0,2314,	135,18	153	8
chr19	32057923	32103140	uc012bkm.1_5utr	-	5	0,2628,3363,43626,45095,	2,122,119,78,122	443	22
chr19	32057923	32108168	uc008hez.1_5utr	-	5	0,2628,3363,43626,49934,	2,122,116,78,311	629	31
chr19	32057923	32108168	uc012bkn.1_5utr	-	5	0,2628,3363,43626,49934,	2,122,174,78,311	687	34
chr19	32057923	32108168	uc008hfb.1_5utr	-	5	0,2628,3363,43626,49934,	2,122,119,78,311	632	32
chr19	32057923	32108168	uc008hex.1_5utr	-	5	0,2628,3363,43626,49934,	2,122,116,78,311	629	31
chr19	32057923	32103140	uc008hew.1_5utr	-	5	0,2628,3363,43626,45095,	2,122,116,78,122	440	22
chr19	32057923	32108168	uc008hey.1_5utr	-	6	0,2628,3363,10580,43626,49934,	2,122,119,112,78,311	744	37
chr19	32057923	32108168	uc008hfa.1_5utr	-	5	0,2628,3363,43626,49934,	2,122,119,78,311	632	32
chr19	32160146	32389714	uc008hfh.1_5utr	-	6	0,63362,87847,129394,191798,229405,	217,82,43,91,79,163	675	34
chr19	32160164	32211013	uc008hfc.2_5utr	-	2	0,50663,	199,186	385	19
chr19	32160164	32388454	uc008hfg.2_5utr	-	6	0,63344,87829,129376,191780,228055,	199,82,43,91,79,235	729	36
chr19	32160164	32349316	uc008hff.2_5utr	-	6	0,63344,87829,99811,129376,188528,	199,82,43,122,91,624	1161	58
chr19	32485768	32485940	uc008hfj.1_5utr	+	1	0,	172	172	9
chr19	32485768	32485940	uc008hfk.2_5utr	+	1	0,	172	172	9
chr19	32595714	32595848	uc008hfl.2_5utr	+	1	0,	134	134	7
chr19	32620004	32620153	uc008hfn.1_5utr	+	1	0,	149	149	7
chr19	32620004	32620153	uc008hfm.1_5utr	+	1	0,	149	149	7
chr19	32706996	32712298	uc008hfo.1_5utr	-	2	0,5269,	13,33	46	2
chr19	32706996	32712298	uc008hfp.1_5utr	-	2	0,5269,	13,33	46	2
chr19	32757576	32758444	uc008hfq.1_5utr	+	1	0,	868	868	43
chr19	32757576	32758444	uc008hfr.1_5utr	+	1	0,	868	868	43
chr19	33382412	33392295	uc008hfu.2_5utr	-	2	0,9542,	113,341	454	23
chr19	33391177	33392295	uc008hft.2_5utr	-	2	0,777,	8,341	349	17
chr19	33584968	33590311	uc008hfv.1_5utr	-	3	0,3232,4922,	7,143,421	571	29
chr19	33961247	33964521	uc008hfw.1_5utr	+	2	0,3263,	39,11	50	2
chr19	34008253	34022416	uc012bkq.2_5utr	+	6	0,10425,11404,11969,13288,14153,	129,113,62,118,199,10	631	32
chr19	34008253	34018689	uc012bkr.2_5utr	+	2	0,10425,	129,11	140	7
chr19	34008253	34018689	uc008hfx.2_5utr	+	2	0,10425,	129,11	140	7
chr19	34067357	34068628	uc008hfz.1_5utr	+	2	0,1269,	228,2	230	12
chr19	34067357	34073526	uc008hfy.1_5utr	+	4	0,1269,2056,6159,	228,116,118,10	472	24
chr19	34100942	34101169	uc008hga.2_5utr	+	2	0,160,	74,67	141	7
chr19	34100942	34112894	uc012bks.1_5utr	+	4	0,160,8614,10966,	74,214,118,986	1392	70
chr19	34165775	34166041	uc008hgb.1_5utr	-	1	0,	266	266	13
chr19	34192269	34220236	uc008hgc.1_5utr	+	2	0,27917,	362,50	412	21
chr19	34192502	34220236	uc008hgd.1_5utr	+	2	0,27684,	93,50	143	7
chr19	34217433	34220236	uc029tsb.1_5utr	+	1	0,	2803	2803	140
chr19	34232624	34234038	uc008hge.1_5utr	+	2	0,1336,	181,78	259	13
chr19	34252553	34255373	uc008hgg.2_5utr	-	2	0,2736,	23,84	107	5
chr19	34290658	34290714	uc008hgh.2_5utr	+	1	0,	56	56	3
chr19	34290658	34290714	uc008hgi.2_5utr	+	1	0,	56	56	3
chr19	34475126	34475135	uc008hgj.1_5utr	-	1	0,	9	9	0
chr19	34524842	34527474	uc012bkt.1_5utr	-	2	0,2523,	4,109	113	6
chr19	34527365	34527474	uc008hgm.2_5utr	-	1	0,	109	109	5
chr19	34550693	34570365	uc008hgn.2_5utr	+	2	0,19525,	329,147	476	24
chr19	34583528	34583599	uc008hgo.1_5utr	+	1	0,	71	71	4
chr19	34594935	34662419	uc008hgp.2_5utr	-	2	0,67334,	88,150	238	12
chr19	34599299	34599427	uc012bku.1_5utr	-	1	0,	128	128	6
chr19	34601921	34601968	uc012bkv.1_5utr	-	1	0,	47	47	2
chr19	34607932	34608189	uc008hgq.1_5utr	+	1	0,	257	257	13
chr19	34607956	34607993	uc008hgr.1_5utr	+	1	0,	37	37	2
chr19	34629759	34640743	uc008hgs.1_5utr	-	2	0,10842,	59,142	201	10
chr19	34640888	34640982	uc008hgt.1_5utr	+	1	0,	94	94	5
chr19	34690753	34747111	uc008hgu.1_5utr	-	2	0,56312,	138,46	184	9
chr19	34877713	34877917	uc008hgv.2_5utr	-	1	0,	204	204	10
chr19	34879076	34879455	uc008hgw.3_5utr	-	1	0,	379	379	19
chr19	34922357	34936974	uc008hgy.1_5utr	+	11	0,2267,6503,6669,7326,9197,12056,12550,13268,14419,14580,	76,148,87,117,139,185,37,97,112,72,37	1107	55
chr19	34922357	34924625	uc008hgx.2_5utr	+	2	0,2267,	76,1	77	4
chr19	34922357	34924625	uc008hgz.1_5utr	+	2	0,2267,	76,1	77	4
chr19	34935625	34936974	uc008hha.1_5utr	+	3	0,1151,1341,	112,72,8	192	10
chr19	34938252	34938459	uc008hhb.1_5utr	+	1	0,	207	207	10
chr19	35970009	36057360	uc008hhe.1_5utr	-	4	0,42747,71545,86696,	55,15,58,655	783	39
chr19	35970009	35970064	uc012bkx.1_5utr	-	1	0,	55	55	3
chr19	35970009	36057360	uc008hhf.1_5utr	-	3	0,71545,86696,	55,58,655	768	38
chr19	36057253	36057360	uc012bky.1_5utr	-	1	0,	107	107	5
chr19	36057253	36057360	uc008hhd.1_5utr	-	1	0,	107	107	5
chr19	36083715	36083736	uc008hhg.2_5utr	+	1	0,	21	21	1
chr19	36119781	36119844	uc008hhh.1_5utr	-	1	0,	63	63	3
chr19	36348453	36412124	uc008hhi.1_5utr	+	2	0,63502,	116,169	285	14
chr19	36379066	36412124	uc008hhj.1_5utr	+	2	0,32889,	93,169	262	13
chr19	36379066	36412124	uc012blb.1_5utr	+	2	0,32889,	93,169	262	13
chr19	36379066	36412124	uc012bla.1_5utr	+	2	0,32889,	93,169	262	13
chr19	36409747	36412124	uc008hhk.1_5utr	+	2	0,2208,	162,169	331	17
chr19	36554638	36554783	uc008hho.2_5utr	+	1	0,	145	145	7
chr19	36554638	36554783	uc012blc.1_5utr	+	1	0,	145	145	7
chr19	36554638	36554783	uc008hhm.2_5utr	+	1	0,	145	145	7
chr19	36554638	36554783	uc008hhn.2_5utr	+	1	0,	145	145	7
chr19	36736566	36736604	uc008hhs.1_5utr	-	1	0,	38	38	2
chr19	36834231	36834537	uc008hhu.2_5utr	+	1	0,	306	306	15
chr19	36919216	36919599	uc008hhv.1_5utr	-	2	0,355,	61,28	89	4
chr19	36926078	36926387	uc008hhw.1_5utr	+	1	0,	309	309	15
chr19	36960184	36965683	uc008hhx.1_5utr	+	3	0,2246,5433,	1584,69,66	1719	86
chr19	37174974	37176063	uc056zig.1_5utr	-	2	0,561,	11,528	539	27
chr19	37174974	37207471	uc008hib.2_5utr	-	2	0,32320,	11,177	188	9
chr19	37174974	37198108	uc008hhy.1_5utr	-	2	0,23014,	11,120	131	7
chr19	37174974	37207471	uc008hhz.2_5utr	-	2	0,32258,	11,239	250	12
chr19	37174974	37207471	uc008hia.2_5utr	-	2	0,32258,	11,239	250	12
chr19	37174974	37207471	uc008hic.2_5utr	-	2	0,32320,	11,177	188	9
chr19	37207544	37207869	uc008hig.2_5utr	+	1	0,	325	325	16
chr19	37207544	37207869	uc008hie.2_5utr	+	1	0,	325	325	16
chr19	37207544	37207869	uc008hif.2_5utr	+	1	0,	325	325	16
chr19	37330587	37337852	uc008him.1_5utr	-	2	0,7221,	25,44	69	3
chr19	37330611	37330612	uc008hil.1_5utr	-	1	0,	1	1	0
chr19	37376402	37376593	uc008hin.1_5utr	+	1	0,	191	191	10
chr19	37434840	37434869	uc008hio.1_5utr	+	1	0,	29	29	1
chr19	37550417	37550464	uc029tsf.1_5utr	+	1	0,	47	47	2
chr19	37550417	37550464	uc008hiq.1_5utr	+	1	0,	47	47	2
chr19	37697807	37697909	uc008his.2_5utr	+	1	0,	102	102	5
chr19	37940015	37940018	uc008hiu.1_5utr	-	1	0,	3	3	0
chr19	38043323	38043577	uc008hit.1_5utr	-	1	0,	254	254	13
chr19	38043323	38043577	uc012blf.1_5utr	-	1	0,	254	254	13
chr19	38055024	38057800	uc008hiz.2_5utr	+	2	0,2764,	57,12	69	3
chr19	38055024	38057800	uc008hiy.2_5utr	+	3	0,2385,2764,	57,71,12	140	7
chr19	38055024	38057800	uc008hix.2_5utr	+	3	0,2385,2764,	57,133,12	202	10
chr19	38055041	38057800	uc008hjb.2_5utr	+	3	0,2368,2747,	276,157,12	445	22
chr19	38055041	38057800	uc008hja.2_5utr	+	3	0,2368,2747,	276,133,12	421	21
chr19	38097078	38097126	uc008hjc.1_5utr	+	1	0,	48	48	2
chr19	38124629	38124811	uc008hjd.2_5utr	-	2	0,128,	18,54	72	4
chr19	38125068	38125321	uc008hje.2_5utr	-	1	0,	253	253	13
chr19	38132780	38132945	uc008hjf.2_5utr	+	1	0,	165	165	8
chr19	38132780	38132945	uc012blg.1_5utr	+	1	0,	165	165	8
chr19	38221913	38224132	uc008hjh.1_5utr	-	2	0,2048,	37,171	208	10
chr19	38223961	38224132	uc008hjg.1_5utr	-	1	0,	171	171	9
chr19	38264781	38264882	uc008hji.1_5utr	+	1	0,	101	101	5
chr19	38264812	38264882	uc008hjj.1_5utr	+	1	0,	70	70	4
chr19	38395979	38396114	uc008hjn.1_5utr	+	1	0,	135	135	7
chr19	38395979	38396114	uc008hjm.1_5utr	+	1	0,	135	135	7
chr19	38395979	38402709	uc012blh.1_5utr	+	2	0,6660,	322,70	392	20
chr19	38524196	38524258	uc008hjp.1_5utr	+	1	0,	62	62	3
chr19	38524196	38524258	uc008hjo.2_5utr	+	1	0,	62	62	3
chr19	38524196	38524258	uc012bli.1_5utr	+	1	0,	62	62	3
chr19	38723518	38724653	uc008hjq.1_5utr	+	1	0,	1135	1135	57
chr19	38819101	38819237	uc008hjr.2_5utr	-	1	0,	136	136	7
chr19	38836578	38836709	uc012blj.1_5utr	+	1	0,	131	131	7
chr19	38836578	38836706	uc008hjs.1_5utr	+	1	0,	128	128	6
chr19	38930989	38931407	uc008hjt.1_5utr	+	2	0,401,	86,17	103	5
chr19	39007018	39007045	uc008hju.1_5utr	+	1	0,	27	27	1
chr19	39061005	39061029	uc008hjv.2_5utr	+	1	0,	24	24	1
chr19	39113897	39142309	uc012blk.1_5utr	+	2	0,28377,	199,35	234	12
chr19	39113897	39113928	uc008hjw.1_5utr	+	1	0,	31	31	2
chr19	39269404	39273319	uc008hjy.1_5utr	+	2	0,3824,	97,91	188	9
chr19	39287084	39287117	uc008hjz.1_5utr	+	1	0,	33	33	2
chr19	39463054	39463075	uc008hka.1_5utr	-	1	0,	21	21	1
chr19	39510821	39510870	uc008hkb.2_5utr	+	1	0,	49	49	2
chr19	39649030	39649042	uc008hkc.1_5utr	-	1	0,	12	12	1
chr19	39739128	39739538	uc012bll.1_5utr	-	2	0,247,	61,163	224	11
chr19	39741041	39741101	uc008hkd.2_5utr	-	1	0,	60	60	3
chr19	39812809	39812814	uc008hke.2_5utr	-	1	0,	5	5	0
chr19	39859939	39886769	uc012blm.1_5utr	-	7	0,16274,16566,17566,21153,21506,26600,	18,177,62,90,150,163,230	890	44
chr19	39886707	39886769	uc009vby.1_5utr	-	1	0,	62	62	3
chr19	39992423	39992439	uc008hkf.2_5utr	+	1	0,	16	16	1
chr19	40073811	40073813	uc012bln.1_5utr	-	1	0,	2	2	0
chr19	40089678	40089699	uc008hki.2_5utr	+	1	0,	21	21	1
chr19	40089678	40089699	uc008hkh.2_5utr	+	1	0,	21	21	1
chr19	40089678	40089699	uc012blo.1_5utr	+	1	0,	21	21	1
chr19	40187262	40187286	uc008hkj.2_5utr	-	1	0,	24	24	1
chr19	40271441	40271616	uc008hkl.2_5utr	-	1	0,	175	175	9
chr19	40271441	40271616	uc008hkk.2_5utr	-	1	0,	175	175	9
chr19	40402267	40513812	uc008hkq.1_5utr	-	4	0,49046,99181,111403,	43,85,137,142	407	20
chr19	40402267	40513812	uc008hkr.1_5utr	-	3	0,49046,111403,	43,85,142	270	14
chr19	40402267	40513812	uc008hks.1_5utr	-	3	0,49046,111403,	43,85,142	270	14
chr19	40402267	40402310	uc008hkm.1_5utr	-	1	0,	43	43	2
chr19	40402267	40451398	uc008hkn.1_5utr	-	2	0,49046,	43,85	128	6
chr19	40402267	40513812	uc008hkt.1_5utr	-	3	0,49046,111403,	43,85,142	270	14
chr19	40402267	40451398	uc008hko.1_5utr	-	2	0,49046,	43,85	128	6
chr19	40402267	40513736	uc008hkp.1_5utr	-	3	0,49046,111103,	43,85,366	494	25
chr19	40585577	40588463	uc008hky.2_5utr	-	3	0,549,2732,	28,66,154	248	12
chr19	40585577	40588463	uc008hkw.2_5utr	-	3	0,549,2732,	28,66,154	248	12
chr19	40585577	40588463	uc008hkx.2_5utr	-	3	0,549,2732,	28,66,154	248	12
chr19	40612144	40612215	uc008hlc.1_5utr	-	1	0,	71	71	4
chr19	40612144	40612215	uc008hla.1_5utr	-	1	0,	71	71	4
chr19	40612144	40612215	uc008hlb.1_5utr	-	1	0,	71	71	4
chr19	40612365	40612420	uc008hld.2_5utr	+	1	0,	55	55	3
chr19	40659769	40659884	uc008hlf.2_5utr	+	1	0,	115	115	6
chr19	40831278	40832019	uc012blp.1_5utr	+	2	0,700,	164,41	205	10
chr19	40831307	40832019	uc008hlh.2_5utr	+	1	0,	712	712	36
chr19	40894704	40911628	uc008hlk.1_5utr	+	5	0,2379,13354,16328,16793,	86,82,145,77,131	521	26
chr19	40951020	40959862	uc012blq.1_5utr	-	3	0,1330,8678,	5,82,164	251	13
chr19	40994058	40994535	uc008hll.1_5utr	-	1	0,	477	477	24
chr19	41029274	41029438	uc008hlp.1_5utr	+	1	0,	164	164	8
chr19	41029274	41029438	uc008hlo.1_5utr	+	1	0,	164	164	8
chr19	41077036	41077113	uc008hlq.1_5utr	-	1	0,	77	77	4
chr19	41206645	41206774	uc012blr.1_5utr	-	1	0,	129	129	6
chr19	41206645	41206774	uc008hlr.1_5utr	-	1	0,	129	129	6
chr19	41263854	41264004	uc008hlt.1_5utr	-	1	0,	150	150	8
chr19	41263854	41264004	uc008hls.1_5utr	-	1	0,	150	150	8
chr19	41384969	41385070	uc008hlu.1_5utr	-	1	0,	101	101	5
chr19	41384969	41385070	uc008hlv.1_5utr	-	1	0,	101	101	5
chr19	41482644	41552498	uc008hlx.1_5utr	+	6	0,882,45376,45916,63230,69804,	139,74,66,80,133,50	542	27
chr19	41482644	41552498	uc008hly.1_5utr	+	6	0,882,45376,45916,63230,69804,	139,74,66,80,133,50	542	27
chr19	41483028	41552498	uc008hlz.1_5utr	+	6	0,498,44992,45532,62846,69420,	270,74,66,80,133,50	673	34
chr19	41549638	41552498	uc008hmb.1_5utr	+	1	0,	2860	2860	143
chr19	41575866	41581844	uc008hmd.1_5utr	+	2	0,5911,	93,67	160	8
chr19	41593362	41593392	uc008hme.1_5utr	+	1	0,	30	30	2
chr19	41743408	41743856	uc008hmf.2_5utr	-	1	0,	448	448	22
chr19	41802027	41802084	uc008hmh.2_5utr	-	1	0,	57	57	3
chr19	41802027	41802084	uc012blt.1_5utr	-	1	0,	57	57	3
chr19	41802027	41802084	uc012bls.1_5utr	-	1	0,	57	57	3
chr19	41829969	41830167	uc008hmi.2_5utr	+	1	0,	198	198	10
chr19	41847911	41848132	uc008hmj.3_5utr	-	1	0,	221	221	11
chr19	41896077	41896153	uc008hmk.1_5utr	-	1	0,	76	76	4
chr19	41911870	41912047	uc008hml.1_5utr	+	1	0,	177	177	9
chr19	41933282	41933314	uc008hmm.2_5utr	-	1	0,	32	32	2
chr19	41933282	41933314	uc008hmn.2_5utr	-	1	0,	32	32	2
chr19	41933294	41933314	uc008hmo.2_5utr	-	1	0,	20	20	1
chr19	41933471	41937607	uc008hmq.2_5utr	+	3	0,1266,4131,	194,146,5	345	17
chr19	41941515	41941546	uc008hmu.2_5utr	+	1	0,	31	31	2
chr19	41963934	41964627	uc008hmv.1_5utr	-	1	0,	693	693	35
chr19	41981113	41981136	uc008hmw.1_5utr	-	1	0,	23	23	1
chr19	41981762	41981938	uc008hmz.1_5utr	+	1	0,	176	176	9
chr19	42036037	42036047	uc008hna.1_5utr	+	1	0,	10	10	0
chr19	42045850	42045917	uc008hnb.1_5utr	+	1	0,	67	67	3
chr19	42052227	42052431	uc008hnc.2_5utr	+	1	0,	204	204	10
chr19	42078550	42086370	uc008hne.1_5utr	-	2	0,7646,	33,174	207	10
chr19	42078550	42079133	uc008hnd.1_5utr	-	1	0,	583	583	29
chr19	42090434	42090501	uc008hng.1_5utr	+	1	0,	67	67	3
chr19	42090434	42090501	uc008hnf.1_5utr	+	1	0,	67	67	3
chr19	42125016	42128993	uc008hnh.1_5utr	-	2	0,3854,	10,123	133	7
chr19	42147388	42147648	uc008hni.2_5utr	+	1	0,	260	260	13
chr19	42170566	42171546	uc012blu.1_5utr	+	2	0,979,	219,1	220	11
chr19	42170566	42171546	uc008hnj.2_5utr	+	2	0,979,	102,1	103	5
chr19	42202011	42202252	uc008hnl.2_5utr	-	1	0,	241	241	12
chr19	42247577	42256171	uc008hnm.2_5utr	+	3	0,2412,8313,	59,102,281	442	22
chr19	42255738	42256171	uc008hnn.2_5utr	+	1	0,	433	433	22
chr19	42431633	42431783	uc008hno.1_5utr	-	1	0,	150	150	8
chr19	42518804	42562565	uc008hnq.1_5utr	+	2	0,43747,	53,14	67	3
chr19	42608531	42612806	uc008hns.2_5utr	-	2	0,4186,	16,89	105	5
chr19	42608531	42612806	uc008hnt.2_5utr	-	2	0,4186,	16,89	105	5
chr19	42742615	42752775	uc012bly.1_5utr	-	5	0,4731,4881,6768,9721,	48,74,157,20,439	738	37
chr19	42752463	42752775	uc012blz.1_5utr	-	1	0,	312	312	16
chr19	42752463	42752775	uc008hnw.1_5utr	-	1	0,	312	312	16
chr19	42752463	42752775	uc008hnu.1_5utr	-	1	0,	312	312	16
chr19	42752463	42752775	uc008hnv.1_5utr	-	1	0,	312	312	16
chr19	42778238	42779976	uc008hny.1_5utr	-	3	0,315,1675,	45,93,63	201	10
chr19	42778238	42779965	uc008hob.1_5utr	-	3	0,315,1499,	45,93,228	366	18
chr19	42778238	42779976	uc008hoc.1_5utr	-	3	0,315,1675,	45,93,63	201	10
chr19	43388311	43388355	uc008hoe.2_5utr	-	1	0,	44	44	2
chr19	43440435	43440444	uc012bma.1_5utr	+	1	0,	9	9	0
chr19	43440435	43440444	uc008hoh.2_5utr	+	1	0,	9	9	0
chr19	43524455	43524605	uc012bmb.1_5utr	-	1	0,	150	150	8
chr19	43612324	43612500	uc008hok.1_5utr	+	1	0,	176	176	9
chr19	43665787	43674881	uc008hoo.2_5utr	-	2	0,8688,	41,406	447	22
chr19	43665787	43665974	uc008hom.2_5utr	-	1	0,	187	187	9
chr19	43674766	43674881	uc008hop.1_5utr	-	1	0,	115	115	6
chr19	43674766	43674881	uc008hon.2_5utr	-	1	0,	115	115	6
chr19	43689688	43690273	uc008hor.2_5utr	+	2	0,490,	216,95	311	16
chr19	43689688	43690273	uc008hos.2_5utr	+	2	0,490,	216,95	311	16
chr19	43752911	43753000	uc008hot.2_5utr	-	1	0,	89	89	4
chr19	43753022	43753162	uc008hou.2_5utr	+	1	0,	140	140	7
chr19	43753022	43753162	uc008hov.2_5utr	+	1	0,	140	140	7
chr19	43782307	43782403	uc008how.1_5utr	+	1	0,	96	96	5
chr19	43875018	43879768	uc008hox.2_5utr	-	2	0,4594,	2,156	158	8
chr19	43912379	43940198	uc033hkq.1_5utr	-	2	0,27737,	10,82	92	5
chr19	43968531	43968693	uc008hpb.1_5utr	-	1	0,	162	162	8
chr19	43986288	43986520	uc008hpa.1_5utr	-	1	0,	232	232	12
chr19	44029187	44029247	uc008hpc.2_5utr	-	1	0,	60	60	3
chr19	44029187	44029247	uc012bmd.1_5utr	-	1	0,	60	60	3
chr19	44069384	44069785	uc008hpe.2_5utr	-	2	0,306,	11,95	106	5
chr19	44069384	44069686	uc008hpd.2_5utr	-	1	0,	302	302	15
chr19	44069384	44069775	uc012bme.1_5utr	-	2	0,204,	11,187	198	10
chr19	44107392	44107477	uc008hpg.2_5utr	-	1	0,	85	85	4
chr19	44107392	44107477	uc008hpi.2_5utr	-	1	0,	85	85	4
chr19	44107392	44107477	uc008hph.2_5utr	-	1	0,	85	85	4
chr19	44135788	44135876	uc008hpj.1_5utr	-	1	0,	88	88	4
chr19	44146416	44146446	uc008hpl.2_5utr	-	1	0,	30	30	2
chr19	44146416	44146446	uc012bmf.1_5utr	-	1	0,	30	30	2
chr19	44192274	44192442	uc008hpm.2_5utr	-	1	0,	168	168	8
chr19	44203287	44203520	uc008hpn.1_5utr	+	1	0,	233	233	12
chr19	44237814	44238400	uc008hpo.1_5utr	+	2	0,561,	63,25	88	4
chr19	44293675	44294387	uc008hpp.2_5utr	+	1	0,	712	712	36
chr19	44333325	44333491	uc008hpq.1_5utr	+	1	0,	166	166	8
chr19	44407409	44407709	uc008hpr.2_5utr	-	1	0,	300	300	15
chr19	44493471	44493549	uc008hpt.2_5utr	+	1	0,	78	78	4
chr19	44535728	44545848	uc012bmg.1_5utr	-	4	0,329,7972,10059,	72,196,112,61	441	22
chr19	44543779	44545848	uc008hpu.1_5utr	-	2	0,2008,	33,61	94	5
chr19	44555401	44555415	uc008hpw.1_5utr	-	1	0,	14	14	1
chr19	44555401	44555415	uc008hpv.1_5utr	-	1	0,	14	14	1
chr19	44562853	44562877	uc008hpy.1_5utr	+	1	0,	24	24	1
chr19	44562853	44562877	uc008hpx.1_5utr	+	1	0,	24	24	1
chr19	44931118	44931310	uc008hqb.1_5utr	+	1	0,	192	192	10
chr19	44931118	44931310	uc012bmh.1_5utr	+	1	0,	192	192	10
chr19	44941458	44942933	uc012bmi.1_5utr	+	1	0,	1475	1475	74
chr19	44989343	44992514	uc008hqe.1_5utr	+	2	0,2794,	14,377	391	20
chr19	44989343	44992514	uc008hqf.1_5utr	+	2	0,2794,	14,377	391	20
chr19	45005691	45009398	uc008hqh.1_5utr	+	2	0,3588,	496,119	615	31
chr19	45006394	45006442	uc008hqg.1_5utr	-	1	0,	48	48	2
chr19	45006557	45007129	uc008hqi.1_5utr	+	1	0,	572	572	29
chr19	45009139	45009227	uc008hqj.1_5utr	+	1	0,	88	88	4
chr19	45015175	45021428	uc008hqn.2_5utr	+	2	0,6211,	148,42	190	10
chr19	45015209	45021428	uc008hql.2_5utr	+	2	0,6177,	104,42	146	7
chr19	45018134	45021428	uc008hqm.2_5utr	+	2	0,3252,	96,42	138	7
chr19	45036177	45045772	uc056zim.1_5utr	-	6	0,553,2989,3395,3983,9240,	106,478,148,177,175,355	1439	72
chr19	45045643	45045772	uc012bmk.1_5utr	-	1	0,	129	129	6
chr19	45047575	45049106	uc012bmm.1_5utr	+	2	0,1528,	315,3	318	16
chr19	45047575	45047890	uc008hqq.2_5utr	+	1	0,	315	315	16
chr19	45047575	45049106	uc012bml.1_5utr	+	2	0,1528,	315,3	318	16
chr19	45075240	45076681	uc008hqs.2_5utr	+	3	0,954,1400,	278,42,41	361	18
chr19	45076138	45076681	uc008hqt.2_5utr	+	2	0,525,	98,18	116	6
chr19	45150714	45150915	uc008hqu.1_5utr	+	1	0,	201	201	10
chr19	45235227	45235236	uc008hqv.1_5utr	-	1	0,	9	9	0
chr19	45363733	45363838	uc008hqw.2_5utr	+	1	0,	105	105	5
chr19	45363733	45507793	uc012bmn.1_5utr	+	5	0,59399,92799,107281,143950,	153,108,78,90,110	539	27
chr19	45363733	45363838	uc033hks.1_5utr	+	1	0,	105	105	5
chr19	45363733	45363838	uc008hqz.2_5utr	+	1	0,	105	105	5
chr19	45363733	45363838	uc008hqx.2_5utr	+	1	0,	105	105	5
chr19	45363733	45363838	uc008hqy.2_5utr	+	1	0,	105	105	5
chr19	45445507	45471077	uc008hra.2_5utr	+	3	0,11025,25507,	180,78,63	321	16
chr19	45559691	45560543	uc008hrc.1_5utr	-	2	0,794,	25,58	83	4
chr19	45560614	45560643	uc008hrd.1_5utr	+	1	0,	29	29	1
chr19	45560614	45571905	uc008hre.1_5utr	+	3	0,4296,11270,	93,81,21	195	10
chr19	45660029	45660193	uc008hrf.1_5utr	-	1	0,	164	164	8
chr19	45742684	45742884	uc008hri.2_5utr	-	1	0,	200	200	10
chr19	45742684	45742884	uc008hrh.2_5utr	-	1	0,	200	200	10
chr19	45742684	45742884	uc012bmo.1_5utr	-	1	0,	200	200	10
chr19	45742684	45742884	uc008hrg.2_5utr	-	1	0,	200	200	10
chr19	45749556	45749563	uc008hrk.1_5utr	-	1	0,	7	7	0
chr19	45758515	45759292	uc008hrm.1_5utr	-	1	0,	777	777	39
chr19	45777009	45783779	uc008hrp.1_5utr	-	3	0,2022,6685,	1675,52,85	1812	91
chr19	45783130	45783291	uc008hrn.1_5utr	-	1	0,	161	161	8
chr19	45783746	45783779	uc008hrq.1_5utr	-	1	0,	33	33	2
chr19	45812285	45812291	uc008hrr.2_5utr	-	1	0,	6	6	0
chr19	45815803	45816063	uc008hrt.2_5utr	-	1	0,	260	260	13
chr19	45815803	45816063	uc008hrs.2_5utr	-	1	0,	260	260	13
chr19	45815803	45816063	uc008hru.2_5utr	-	1	0,	260	260	13
chr19	45978701	45998488	uc008hrv.1_5utr	-	2	0,19714,	11,73	84	4
chr19	45978701	45998488	uc008hrw.1_5utr	-	2	0,19714,	11,73	84	4
chr19	46003477	46003625	uc008hrx.2_5utr	+	1	0,	148	148	7
chr19	46035456	46035593	uc008hry.1_5utr	-	1	0,	137	137	7
chr19	46036282	46039621	uc008hrz.1_5utr	-	2	0,2772,	83,567	650	32
chr19	46036282	46036365	uc008hsa.1_5utr	-	1	0,	83	83	4
chr19	46044854	46045211	uc012bmr.1_5utr	-	1	0,	357	357	18
chr19	46056538	46056590	uc008hsd.1_5utr	+	1	0,	52	52	3
chr19	46056538	46056590	uc008hse.1_5utr	+	1	0,	52	52	3
chr19	46056538	46056590	uc008hsb.1_5utr	+	1	0,	52	52	3
chr19	46056538	46056590	uc008hsc.1_5utr	+	1	0,	52	52	3
chr19	46064080	46069283	uc008hsf.1_5utr	+	4	0,1924,3937,4958,	916,1282,71,245	2514	126
chr19	46075846	46076029	uc008hsj.3_5utr	+	1	0,	183	183	9
chr19	46075846	46076029	uc008hsg.3_5utr	+	1	0,	183	183	9
chr19	46075846	46076029	uc008hsh.3_5utr	+	1	0,	183	183	9
chr19	46075846	46076029	uc008hsi.3_5utr	+	1	0,	183	183	9
chr19	46131898	46132069	uc008hsk.1_5utr	+	1	0,	171	171	9
chr19	46137482	46148325	uc008hsl.1_5utr	-	2	0,10718,	12,125	137	7
chr19	46152557	46163529	uc008hsm.1_5utr	+	2	0,10962,	235,10	245	12
chr19	46152557	46163529	uc008hsp.1_5utr	+	2	0,10962,	235,10	245	12
chr19	46152557	46163529	uc008hso.1_5utr	+	2	0,10962,	235,10	245	12
chr19	46152557	46163529	uc008hsn.1_5utr	+	2	0,10962,	235,10	245	12
chr19	46246088	46252142	uc008hsq.1_5utr	+	2	0,6025,	132,29	161	8
chr19	46269717	46270793	uc008hsr.1_5utr	+	1	0,	1076	1076	54
chr19	46304736	46306003	uc008hst.2_5utr	+	2	0,1193,	84,74	158	8
chr19	46304736	46306003	uc008hsu.2_5utr	+	2	0,1193,	84,74	158	8
chr19	46304799	46306003	uc008hsv.1_5utr	+	2	0,1130,	162,74	236	12
chr19	46305694	46306003	uc008hsx.2_5utr	+	1	0,	309	309	15
chr19	46305929	46306415	uc008hsz.1_5utr	+	2	0,353,	95,133	228	11
chr19	46305929	46306003	uc008hsy.2_5utr	+	1	0,	74	74	4
chr19	46314483	46317588	uc012bms.1_5utr	-	4	0,129,1549,2999,	50,191,44,106	391	20
chr19	46317851	46317889	uc008htb.1_5utr	-	1	0,	38	38	2
chr19	46320549	46323482	uc008htc.1_5utr	-	3	0,219,2578,	58,1728,355	2141	107
chr19	46324929	46325013	uc012bmt.1_5utr	-	1	0,	84	84	4
chr19	46324929	46327156	uc008htd.1_5utr	-	3	0,1237,2154,	84,56,73	213	11
chr19	46328183	46328473	uc008hte.1_5utr	+	1	0,	290	290	14
chr19	46328186	46328473	uc008htf.1_5utr	+	2	0,216,	115,71	186	9
chr19	46332691	46338660	uc008hti.2_5utr	-	2	0,5877,	7,92	99	5
chr19	46332691	46338660	uc008htg.2_5utr	-	3	0,5621,5877,	10,99,92	201	10
chr19	46332691	46338660	uc012bmw.1_5utr	-	2	0,5877,	10,92	102	5
chr19	46332691	46338660	uc012bmu.1_5utr	-	3	0,5621,5877,	10,108,92	210	10
chr19	46332691	46338660	uc008hth.2_5utr	-	2	0,5877,	7,92	99	5
chr19	46332691	46338660	uc012bmx.1_5utr	-	2	0,5877,	10,92	102	5
chr19	46332691	46338660	uc012bmv.1_5utr	-	2	0,5877,	10,92	102	5
chr19	46356879	46366385	uc008htk.1_5utr	+	2	0,9431,	105,75	180	9
chr19	46395677	46395735	uc008htm.1_5utr	-	1	0,	58	58	3
chr19	46395677	46395735	uc012bmz.1_5utr	-	1	0,	58	58	3
chr19	46396895	46397102	uc008hto.2_5utr	+	1	0,	207	207	10
chr19	46396895	46397102	uc008htq.2_5utr	+	1	0,	207	207	10
chr19	46396895	46397102	uc008htp.2_5utr	+	1	0,	207	207	10
chr19	46396895	46397102	uc008htn.2_5utr	+	1	0,	207	207	10
chr19	46501647	46502443	uc008hts.1_5utr	+	1	0,	796	796	40
chr19	46573042	46573085	uc008htt.1_5utr	-	1	0,	43	43	2
chr19	46573364	46582502	uc008htu.1_5utr	+	2	0,9119,	95,19	114	6
chr19	46599105	46644443	uc008hty.2_5utr	+	2	0,45247,	188,91	279	14
chr19	46599105	46599203	uc008htx.2_5utr	+	1	0,	98	98	5
chr19	46599105	46599203	uc008htw.2_5utr	+	1	0,	98	98	5
chr19	46623400	46623552	uc008htz.2_5utr	+	1	0,	152	152	8
chr19	46672843	46673000	uc008hua.2_5utr	-	1	0,	157	157	8
chr19	46689905	46689947	uc008hub.1_5utr	+	1	0,	42	42	2
chr19	46707442	46707535	uc008huc.1_5utr	+	1	0,	93	93	5
chr19	46761608	46761772	uc008huf.1_5utr	+	1	0,	164	164	8
chr19	46761608	46761772	uc008hue.1_5utr	+	1	0,	164	164	8
chr19	46897620	46909555	uc008hug.2_5utr	-	6	0,1001,1182,6257,7354,11869,	49,58,92,96,118,66	479	24
chr19	46897620	46962351	uc008huj.2_5utr	-	9	0,1001,1182,6257,7354,11869,26641,53225,64651,	49,58,92,96,118,59,74,120,80	746	37
chr19	46950946	46962351	uc008huh.2_5utr	-	2	0,11325,	19,80	99	5
chr19	46969474	46969567	uc012bna.1_5utr	-	1	0,	93	93	5
chr19	47014697	47014754	uc008huk.1_5utr	+	1	0,	57	57	3
chr19	47014756	47015189	uc008hui.2_5utr	-	1	0,	433	433	22
chr19	47050819	47050845	uc008hul.1_5utr	-	1	0,	26	26	1
chr19	47050819	47050845	uc008hum.1_5utr	-	1	0,	26	26	1
chr19	47067747	47067764	uc008hun.1_5utr	+	1	0,	17	17	1
chr19	47086220	47090625	uc008huo.1_5utr	-	2	0,4352,	9,53	62	3
chr19	47090765	47092798	uc008hup.1_5utr	+	2	0,2016,	102,17	119	6
chr19	47113140	47120158	uc012bnd.1_5utr	+	5	0,1414,4156,6395,6652,	575,63,106,90,366	1200	60
chr19	47128775	47129112	uc008huq.1_5utr	+	1	0,	337	337	17
chr19	47135903	47138294	uc008hur.2_5utr	-	2	0,2001,	162,390	552	28
chr19	47178819	47179466	uc008hut.1_5utr	+	1	0,	647	647	32
chr19	47178819	47179466	uc008huu.1_5utr	+	1	0,	647	647	32
chr19	47228842	47229062	uc008huv.2_5utr	+	1	0,	220	220	11
chr19	47240319	47240583	uc008huw.1_5utr	+	1	0,	264	264	13
chr19	47262303	47262480	uc012bne.1_5utr	+	1	0,	177	177	9
chr19	47314239	47314751	uc008huy.2_5utr	-	1	0,	512	512	26
chr19	47464135	47464411	uc008huz.2_5utr	-	1	0,	276	276	14
chr19	47464135	47464411	uc008hva.2_5utr	-	1	0,	276	276	14
chr19	47536328	47537020	uc008hvc.1_5utr	-	2	0,485,	43,207	250	12
chr19	47536328	47537020	uc008hve.1_5utr	-	2	0,485,	43,207	250	12
chr19	47536349	47537020	uc008hvb.1_5utr	-	2	0,464,	22,207	229	11
chr19	47580018	47580193	uc008hvf.2_5utr	+	1	0,	175	175	9
chr19	47580018	47580193	uc008hvg.2_5utr	+	1	0,	175	175	9
chr19	47685586	47692042	uc008hvj.2_5utr	-	2	0,6226,	11,230	241	12
chr19	47685586	47692042	uc008hvi.2_5utr	-	2	0,6226,	11,230	241	12
chr19	47731755	47731808	uc008hvk.1_5utr	+	1	0,	53	53	3
chr19	47761965	47763580	uc008hvm.2_5utr	-	2	0,1548,	69,67	136	7
chr19	47835672	47919299	uc008hvn.1_5utr	-	2	0,83451,	145,176	321	16
chr19	47837327	47837361	uc008hvp.2_5utr	-	1	0,	34	34	2
chr19	47837327	47837361	uc012bnf.1_5utr	-	1	0,	34	34	2
chr19	47837327	47837361	uc008hvo.2_5utr	-	1	0,	34	34	2
chr19	47854988	47855088	uc008hvq.1_5utr	+	1	0,	100	100	5
chr19	47865544	47871769	uc008hvs.1_5utr	+	4	0,4141,4664,6109,	89,75,115,116	395	20
chr19	47865544	47871769	uc008hvr.1_5utr	+	4	0,4141,4664,6109,	89,75,115,116	395	20
chr19	47865793	47871769	uc008hvt.2_5utr	+	4	0,3892,4415,5860,	136,75,115,116	442	22
chr19	47898174	47919299	uc008hvu.1_5utr	-	2	0,20949,	16,176	192	10
chr19	47898174	47919299	uc008hvv.1_5utr	-	2	0,20949,	11,176	187	9
chr19	47937711	47937827	uc008hvw.1_5utr	+	1	0,	116	116	6
chr19	48206024	48206179	uc008hvx.1_5utr	+	1	0,	155	155	8
chr19	50242076	50252713	uc008hvz.2_5utr	-	2	0,10457,	14,180	194	10
chr19	50678468	50678646	uc008hwb.3_5utr	-	1	0,	178	178	9
chr19	50678468	50678646	uc029tst.1_5utr	-	1	0,	178	178	9
chr19	50678468	50678646	uc008hwc.3_5utr	-	1	0,	178	178	9
chr19	50678468	50678646	uc008hwa.3_5utr	-	1	0,	178	178	9
chr19	52264322	52264623	uc008hwd.1_5utr	+	2	0,287,	169,14	183	9
chr19	53025375	53038654	uc008hwf.2_5utr	-	2	0,13138,	8,141	149	7
chr19	53038545	53038654	uc008hwg.3_5utr	-	1	0,	109	109	5
chr19	53140442	53216820	uc008hwj.3_5utr	+	2	0,76358,	272,20	292	15
chr19	53140442	53216820	uc008hwi.3_5utr	+	2	0,76358,	272,20	292	15
chr19	53142755	53216820	uc008hwl.3_5utr	+	2	0,74045,	334,20	354	18
chr19	53142755	53216820	uc008hwk.3_5utr	+	2	0,74045,	334,20	354	18
chr19	53143996	53216820	uc008hwm.3_5utr	+	3	0,59417,72804,	22,62,20	104	5
chr19	53310505	53310699	uc008hwo.1_5utr	+	1	0,	194	194	10
chr19	53329412	53329647	uc008hwp.1_5utr	+	1	0,	235	235	12
chr19	53329412	53329647	uc008hwq.1_5utr	+	1	0,	235	235	12
chr19	53330445	53331385	uc008hwr.1_5utr	+	2	0,905,	155,35	190	10
chr19	53389862	53390041	uc008hws.1_5utr	-	1	0,	179	179	9
chr19	53390415	53390573	uc008hwt.1_5utr	-	1	0,	158	158	8
chr19	53600395	53600539	uc008hwy.2_5utr	+	1	0,	144	144	7
chr19	53677305	53677407	uc008hwz.2_5utr	+	1	0,	102	102	5
chr19	53892230	53907512	uc008hxb.2_5utr	+	2	0,15218,	226,64	290	14
chr19	53903350	53907512	uc008hxc.2_5utr	+	2	0,4098,	138,64	202	10
chr19	53903350	53907512	uc008hxd.2_5utr	+	2	0,4098,	138,64	202	10
chr19	53932175	53944627	uc008hxe.2_5utr	-	3	0,11290,11980,	30,114,472	616	31
chr19	53932175	53944627	uc008hxf.2_5utr	-	3	0,11290,12241,	30,114,211	355	18
chr19	53944305	53987680	uc012bnk.1_5utr	+	2	0,43148,	97,227	324	16
chr19	53944875	53987680	uc008hxg.2_5utr	+	2	0,42578,	138,227	365	18
chr19	53987453	53987680	uc008hxh.1_5utr	+	1	0,	227	227	11
chr19	54045181	54046214	uc012bnl.1_5utr	+	1	0,	1033	1033	52
chr19	54045259	54046214	uc008hxi.1_5utr	+	2	0,647,	518,308	826	41
chr19	55097598	55127216	uc012bnm.1_5utr	-	3	0,5367,29415,	29,162,203	394	20
chr19	55097598	55127216	uc008hxl.1_5utr	-	4	0,5367,7028,29415,	29,162,52,203	446	22
chr19	55097598	55099447	uc008hxk.1_5utr	-	2	0,1730,	29,119	148	7
chr19	55180884	55181014	uc008hxm.1_5utr	+	1	0,	130	130	6
chr19	55217353	55217444	uc008hxn.2_5utr	-	1	0,	91	91	5
chr19	55253368	55268672	uc008hxp.1_5utr	+	2	0,15275,	798,29	827	41
chr19	55311777	55316032	uc008hxu.1_5utr	-	5	0,989,1411,2523,4018,	7,128,92,472,237	936	47
chr19	55314567	55316032	uc008hxt.2_5utr	-	2	0,1228,	205,237	442	22
chr19	55314567	55316032	uc008hxs.2_5utr	-	2	0,1112,	205,353	558	28
chr19	55316056	55316450	uc008hxy.2_5utr	+	1	0,	394	394	20
chr19	55316056	55316450	uc008hxv.2_5utr	+	1	0,	394	394	20
chr19	55316056	55316450	uc008hxz.2_5utr	+	1	0,	394	394	20
chr19	55316056	55316450	uc008hxw.2_5utr	+	1	0,	394	394	20
chr19	55316056	55316450	uc008hxx.2_5utr	+	1	0,	394	394	20
chr19	55741809	55742341	uc008hyf.2_5utr	+	1	0,	532	532	27
chr19	55741809	55742341	uc008hyh.2_5utr	+	1	0,	532	532	27
chr19	55741809	55742341	uc008hyd.2_5utr	+	1	0,	532	532	27
chr19	55741809	55742341	uc008hyb.2_5utr	+	1	0,	532	532	27
chr19	55741809	55742341	uc008hyj.2_5utr	+	1	0,	532	532	27
chr19	55741809	55742341	uc008hyg.2_5utr	+	1	0,	532	532	27
chr19	55741809	55742341	uc012bnp.1_5utr	+	1	0,	532	532	27
chr19	55741809	55742341	uc008hyk.2_5utr	+	1	0,	532	532	27
chr19	55741809	55742341	uc008hye.2_5utr	+	1	0,	532	532	27
chr19	55741809	55742341	uc008hya.2_5utr	+	1	0,	532	532	27
chr19	55741809	55742341	uc008hyl.2_5utr	+	1	0,	532	532	27
chr19	55741809	55742341	uc008hyi.2_5utr	+	1	0,	532	532	27
chr19	55741809	55742341	uc008hyc.2_5utr	+	1	0,	532	532	27
chr19	55845891	55845924	uc008hym.1_5utr	+	1	0,	33	33	2
chr19	55895320	55895634	uc008hyn.2_5utr	+	1	0,	314	314	16
chr19	55917353	55917366	uc008hyo.2_5utr	+	1	0,	13	13	1
chr19	56287937	56287995	uc008hyt.1_5utr	+	1	0,	58	58	3
chr19	56287937	56287995	uc008hys.1_5utr	+	1	0,	58	58	3
chr19	56379113	56379164	uc012bnq.2_5utr	-	1	0,	51	51	3
chr19	56388757	56390038	uc012bns.2_5utr	-	2	0,1048,	79,233	312	16
chr19	56388757	56390038	uc012bnr.3_5utr	-	2	0,1048,	79,233	312	16
chr19	56389877	56390038	uc008hyv.3_5utr	-	1	0,	161	161	8
chr19	56389877	56390038	uc008hyu.3_5utr	-	1	0,	161	161	8
chr19	56397128	56397317	uc008hyw.1_5utr	+	1	0,	189	189	9
chr19	56461636	56464569	uc008hyy.2_5utr	+	2	0,2915,	61,18	79	4
chr19	56461636	56464569	uc008hyz.2_5utr	+	2	0,2915,	61,18	79	4
chr19	56547150	56548222	uc029tsy.1_5utr	-	2	0,1036,	553,36	589	29
chr19	56548260	56548682	uc008hzc.1_5utr	+	1	0,	422	422	21
chr19	56813656	56822181	uc008hzh.1_5utr	-	2	0,8331,	33,194	227	11
chr19	56813683	56813689	uc008hzg.1_5utr	-	1	0,	6	6	0
chr19	56826208	56831069	uc008hzi.1_5utr	+	2	0,4832,	56,29	85	4
chr19	56826274	56831069	uc008hzj.1_5utr	+	2	0,4766,	29,29	58	3
chr19	56826285	56831069	uc012bnt.1_5utr	+	2	0,4755,	189,29	218	11
chr19	56830711	56831069	uc008hzk.1_5utr	+	1	0,	358	358	18
chr19	56874415	56881134	uc008hzl.1_5utr	+	2	0,6709,	163,10	173	9
chr19	56944756	57008575	uc012bnv.1_5utr	-	7	0,5381,44287,45224,46170,57493,63394,	23,129,335,112,201,54,425	1279	64
chr19	56944756	57008575	uc012bnu.1_5utr	-	5	0,5381,19073,20040,63394,	23,129,43,63,425	683	34
chr19	57008166	57008575	uc008hzm.2_5utr	-	1	0,	409	409	20
chr19	57008166	57008575	uc008hzo.2_5utr	-	1	0,	409	409	20
chr19	57008166	57008575	uc008hzn.2_5utr	-	1	0,	409	409	20
chr19	57083528	57134708	uc008hzw.1_5utr	-	3	0,49333,51053,	75,94,127	296	15
chr19	57083528	57119024	uc033hky.2_5utr	-	2	0,35223,	75,273	348	17
chr19	57197314	57197631	uc056ziu.1_5utr	-	1	0,	317	317	16
chr19	57197314	57197631	uc033hkz.2_5utr	-	1	0,	317	317	16
chr19	57197314	57197631	uc033hla.2_5utr	-	1	0,	317	317	16
chr19	57197314	57197631	uc033hle.2_5utr	-	1	0,	317	317	16
chr19	57197314	57197631	uc033hld.2_5utr	-	1	0,	317	317	16
chr19	57197314	57197631	uc056zit.1_5utr	-	1	0,	317	317	16
chr19	57215957	57216032	uc033hlb.1_5utr	-	1	0,	75	75	4
chr19	57215957	57216032	uc033hlc.1_5utr	-	1	0,	75	75	4
chr19	57215957	57216032	uc056ziv.1_5utr	-	1	0,	75	75	4
chr19	57314705	57314919	uc008hzv.1_5utr	-	1	0,	214	214	11
chr19	57314705	57314919	uc008hzz.1_5utr	-	1	0,	214	214	11
chr19	57361008	57381125	uc012bny.1_5utr	+	7	0,7515,10145,11931,12271,19591,20063,	362,79,170,105,123,115,54	1008	50
chr19	57361008	57361325	uc008iac.2_5utr	+	1	0,	317	317	16
chr19	57452905	57452946	uc008iae.2_5utr	+	1	0,	41	41	2
chr19	57452905	57452946	uc008iag.2_5utr	+	1	0,	41	41	2
chr19	57452905	57452946	uc008iaf.2_5utr	+	1	0,	41	41	2
chr19	57611033	57611353	uc008iai.2_5utr	+	1	0,	320	320	16
chr19	57652922	57657150	uc008iaj.1_5utr	+	3	0,1848,4132,	88,256,96	440	22
chr19	58454348	58455398	uc008ian.2_5utr	-	2	0,849,	246,201	447	22
chr19	58454348	58454594	uc008ial.2_5utr	-	1	0,	246	246	12
chr19	58511992	58512357	uc012bnz.1_5utr	+	2	0,319,	35,46	81	4
chr19	58512001	58512357	uc008iao.1_5utr	+	2	0,310,	65,46	111	6
chr19	58670364	58670392	uc008iaq.1_5utr	+	1	0,	28	28	1
chr19	58670364	58670392	uc008iap.1_5utr	+	1	0,	28	28	1
chr19	58728886	58729042	uc008iat.1_5utr	+	1	0,	156	156	8
chr19	58759722	58759788	uc008iau.2_5utr	+	1	0,	66	66	3
chr19	58794398	58794414	uc008iav.1_5utr	-	1	0,	16	16	1
chr19	58860889	58860984	uc008iay.1_5utr	-	1	0,	95	95	5
chr19	58860889	58860984	uc008iaw.1_5utr	-	1	0,	95	95	5
chr19	58943424	58943456	uc012bob.1_5utr	+	1	0,	32	32	2
chr19	58943455	58943654	uc008iax.1_5utr	-	1	0,	199	199	10
chr19	59028244	59028353	uc008ibc.1_5utr	-	1	0,	109	109	5
chr19	59038354	59038390	uc008ibf.1_5utr	-	1	0,	36	36	2
chr19	59075512	59076069	uc008ibd.1_5utr	-	1	0,	557	557	28
chr19	59075512	59076069	uc008ibe.1_5utr	-	1	0,	557	557	28
chr19	59219647	59219733	uc008ibh.1_5utr	+	1	0,	86	86	4
chr19	59260877	59261332	uc008ibi.2_5utr	+	2	0,443,	141,12	153	8
chr19	59345587	59345780	uc008ibj.2_5utr	-	1	0,	193	193	10
chr19	59458689	59459215	uc008ibl.1_5utr	+	1	0,	526	526	26
chr19	59937357	59943654	uc008ibm.1_5utr	-	2	0,6152,	73,145	218	11
chr19	59943000	59943364	uc008ibn.2_5utr	-	1	0,	364	364	18
chr19	60221296	60226697	uc008ibr.1_5utr	-	2	0,4935,	8,466	474	24
chr19	60468126	60468304	uc008ibu.2_5utr	-	1	0,	178	178	9
chr19	60580718	60581023	uc012boe.1_5utr	-	1	0,	305	305	15
chr19	60580718	60581023	uc008ibv.2_5utr	-	1	0,	305	305	15
chr19	60580718	60581023	uc012bof.1_5utr	-	1	0,	305	305	15
chr19	60755986	60756265	uc008ibw.1_5utr	+	1	0,	279	279	14
chr19	60790517	60790693	uc008ibx.1_5utr	-	1	0,	176	176	9
chr19	60790517	60790693	uc008iby.1_5utr	-	1	0,	176	176	9
chr19	60811569	60811618	uc012boh.1_5utr	+	1	0,	49	49	2
chr19	60811569	60811618	uc008ica.2_5utr	+	1	0,	49	49	2
chr19	60811569	60821237	uc008icb.2_5utr	+	3	0,3022,9637,	104,217,31	352	18
chr19	60854045	60861430	uc012boj.1_5utr	-	6	0,3164,3304,4618,5983,7253,	15,55,27,75,66,132	370	18
chr19	60855829	60861430	uc012boi.1_5utr	-	7	0,1103,1380,1520,2834,4199,5469,	23,195,55,27,75,66,132	573	29
chr19	60861337	60861430	uc008icc.2_5utr	-	1	0,	93	93	5
chr19	60874467	60874538	uc008icd.1_5utr	-	1	0,	71	71	4
chr19	60889748	60890579	uc008ice.2_5utr	+	1	0,	831	831	42
chr19	61069303	61073421	uc012bok.1_5utr	+	2	0,3130,	93,988	1081	54
chr19	61175995	61176309	uc012bol.1_5utr	-	1	0,	314	314	16
chr19	61228338	61228418	uc008icj.2_5utr	-	1	0,	80	80	4
