chr	start	end	transcript_id	strand	number_of_exons	coordinates	length1	total_length	bin
chr13	3149474	3149489	uc007pio.1_5utr	+	1	0,	15	15	1
chr13	3538074	3538298	uc007piu.1_5utr	+	1	0,	224	224	11
chr13	3538074	3538298	uc011yvx.1_5utr	+	1	0,	224	224	11
chr13	3576678	3576690	uc056ysv.1_5utr	-	1	0,	12	12	1
chr13	3585275	3585373	uc007piw.1_5utr	-	1	0,	98	98	5
chr13	3599964	3611108	uc007piy.1_5utr	-	3	0,227,10825,	98,143,319	560	28
chr13	3599964	3611108	uc007pix.1_5utr	-	3	0,227,10825,	98,143,319	560	28
chr13	3634031	3634132	uc033ggn.1_5utr	+	1	0,	101	101	5
chr13	3634031	3634132	uc007piz.2_5utr	+	1	0,	101	101	5
chr13	3804203	3804318	uc007pja.2_5utr	-	1	0,	115	115	6
chr13	3837756	3837895	uc007pjb.1_5utr	+	1	0,	139	139	7
chr13	3854172	3854267	uc011yvy.1_5utr	+	1	0,	95	95	5
chr13	3893385	3893581	uc007pjd.3_5utr	-	1	0,	196	196	10
chr13	3918065	3918220	uc007pje.3_5utr	-	1	0,	155	155	8
chr13	3924694	3924734	uc007pjg.2_5utr	+	1	0,	40	40	2
chr13	3941650	3945349	uc007pjh.2_5utr	-	2	0,3190,	6,509	515	26
chr13	4059590	4059631	uc007pji.1_5utr	+	1	0,	41	41	2
chr13	4150598	4150631	uc007pjj.1_5utr	-	1	0,	33	33	2
chr13	4150598	4150631	uc007pjk.1_5utr	-	1	0,	33	33	2
chr13	4191186	4191226	uc007pjl.2_5utr	+	1	0,	40	40	2
chr13	4233739	4233770	uc007pjm.2_5utr	+	1	0,	31	31	2
chr13	4279356	4279399	uc007pjn.1_5utr	-	1	0,	43	43	2
chr13	4434342	4434390	uc007pjo.1_5utr	+	1	0,	48	48	2
chr13	4523314	4523333	uc007pjq.1_5utr	-	1	0,	19	19	1
chr13	4523314	4523333	uc007pjp.1_5utr	-	1	0,	19	19	1
chr13	4574074	4574148	uc007pjr.1_5utr	+	1	0,	74	74	4
chr13	4609123	4609164	uc007pjs.1_5utr	-	1	0,	41	41	2
chr13	4609123	4609164	uc007pjt.1_5utr	-	1	0,	41	41	2
chr13	5861488	5861638	uc007pjw.1_5utr	+	1	0,	150	150	8
chr13	6548156	6548173	uc011ywa.1_5utr	+	1	0,	17	17	1
chr13	6548156	6548173	uc007pjy.1_5utr	+	1	0,	17	17	1
chr13	6548156	6548173	uc007pjx.1_5utr	+	1	0,	17	17	1
chr13	6648679	6648771	uc007pka.2_5utr	-	1	0,	92	92	5
chr13	6648679	6648771	uc007pjz.2_5utr	-	1	0,	92	92	5
chr13	6648679	6648771	uc007pkd.2_5utr	-	1	0,	92	92	5
chr13	6648679	6648771	uc007pkc.2_5utr	-	1	0,	92	92	5
chr13	8202865	8203220	uc007pkf.2_5utr	+	1	0,	355	355	18
chr13	8202865	8203220	uc007pkg.2_5utr	+	1	0,	355	355	18
chr13	8861225	8871044	uc007pki.2_5utr	-	2	0,9644,	40,175	215	11
chr13	8861225	8871736	uc007pkj.2_5utr	-	2	0,10257,	40,254	294	15
chr13	8861225	8870735	uc007pkk.1_5utr	-	2	0,9411,	40,99	139	7
chr13	8861225	8871044	uc007pkl.2_5utr	-	2	0,9644,	40,175	215	11
chr13	8885605	8885859	uc007pkn.2_5utr	+	1	0,	254	254	13
chr13	8952862	8956810	uc007pko.1_5utr	+	2	0,3946,	54,2	56	3
chr13	8987890	8996012	uc007pkq.1_5utr	-	6	0,1162,2807,3824,4041,8058,	69,93,101,137,104,64	568	28
chr13	8995996	8996012	uc007pkp.1_5utr	-	1	0,	16	16	1
chr13	9093904	9122145	uc011ywb.1_5utr	+	2	0,28203,	276,38	314	16
chr13	9093904	9122145	uc007pks.1_5utr	+	2	0,28203,	276,38	314	16
chr13	9093904	9122145	uc007pkr.1_5utr	+	2	0,28203,	276,38	314	16
chr13	9168360	9168641	uc033ggq.1_5utr	+	1	0,	281	281	14
chr13	9276524	9276981	uc007pkv.2_5utr	+	1	0,	457	457	23
chr13	9276524	9276981	uc007pkt.2_5utr	+	1	0,	457	457	23
chr13	9608943	9609040	uc007pkw.2_5utr	+	1	0,	97	97	5
chr13	9735447	9765314	uc007pky.2_5utr	-	2	0,29607,	19,260	279	14
chr13	9735447	9764956	uc007pkx.1_5utr	-	2	0,29280,	19,229	248	12
chr13	9735447	9765314	uc007pkz.2_5utr	-	2	0,29607,	19,260	279	14
chr13	9878998	10360803	uc007plb.1_5utr	-	5	0,149454,243228,345646,481265,	19,47,63,113,540	782	39
chr13	12106446	12106945	uc007plf.2_5utr	-	1	0,	499	499	25
chr13	12106446	12106945	uc007pld.1_5utr	-	1	0,	499	499	25
chr13	12193772	12200490	uc007plg.2_5utr	-	4	0,1465,4140,6424,	38,156,76,294	564	28
chr13	12241631	12258113	uc011ywd.2_5utr	-	8	0,2303,2923,5687,6261,8970,12132,16230,	34,95,63,107,93,90,215,252	949	47
chr13	12253973	12258113	uc007plh.2_5utr	-	2	0,3888,	5,252	257	13
chr13	12340500	12340732	uc007plj.1_5utr	-	1	0,	232	232	12
chr13	12340500	12340732	uc007pli.1_5utr	-	1	0,	232	232	12
chr13	12395374	12395771	uc007plk.1_5utr	+	2	0,365,	96,32	128	6
chr13	12454797	12461738	uc007pln.3_5utr	-	3	0,4376,6629,	148,143,312	603	30
chr13	12454797	12461738	uc011ywh.2_5utr	-	3	0,1546,6629,	148,89,312	549	27
chr13	12459215	12461738	uc007plm.3_5utr	-	2	0,2025,	101,498	599	30
chr13	12459215	12461738	uc011ywg.2_5utr	-	2	0,2211,	101,312	413	21
chr13	12459215	12459316	uc011ywf.2_5utr	-	1	0,	101	101	5
chr13	12459215	12464942	uc007plo.3_5utr	-	3	0,2211,5680,	101,312,47	460	23
chr13	12519948	12520450	uc007plp.2_5utr	-	1	0,	502	502	25
chr13	12565882	12566076	uc007plt.1_5utr	+	1	0,	194	194	10
chr13	12565882	12566076	uc007pls.1_5utr	+	1	0,	194	194	10
chr13	12565882	12566076	uc007plr.1_5utr	+	1	0,	194	194	10
chr13	12649937	12650395	uc007plv.2_5utr	-	1	0,	458	458	23
chr13	12649937	12650395	uc007plu.2_5utr	-	1	0,	458	458	23
chr13	12800012	12800079	uc007plw.3_5utr	-	1	0,	67	67	3
chr13	13005326	13005330	uc007plx.1_5utr	-	1	0,	4	4	0
chr13	13005326	13005330	uc011ywi.1_5utr	-	1	0,	4	4	0
chr13	13182781	13183019	uc007plz.1_5utr	+	2	0,135,	31,103	134	7
chr13	13367621	13393595	uc007pmc.2_5utr	-	3	0,6737,25456,	190,50,518	758	38
chr13	13393493	13393624	uc007pmd.2_5utr	-	1	0,	131	131	7
chr13	13437601	13437701	uc007pmg.2_5utr	+	1	0,	100	100	5
chr13	13437601	13437701	uc007pmf.2_5utr	+	1	0,	100	100	5
chr13	13590408	13616553	uc007pmh.1_5utr	+	3	0,23433,26138,	88,86,7	181	9
chr13	13590408	13616553	uc007pmi.1_5utr	+	3	0,23433,26138,	88,86,7	181	9
chr13	13590408	13616553	uc007pmj.1_5utr	+	3	0,23433,26138,	88,86,7	181	9
chr13	13709287	13711628	uc007pmk.1_5utr	+	4	0,226,1436,2330,	146,97,62,11	316	16
chr13	13784058	13806071	uc056ysx.1_5utr	+	3	0,19540,22002,	49,104,11	164	8
chr13	13784306	13806071	uc007pml.2_5utr	+	3	0,19292,21754,	337,104,11	452	23
chr13	13954673	13954804	uc007pmm.1_5utr	+	1	0,	131	131	7
chr13	13954673	13954804	uc007pmo.1_5utr	+	1	0,	131	131	7
chr13	13954673	13987434	uc011ywj.1_5utr	+	5	0,11636,16093,25927,32679,	246,148,101,96,82	673	34
chr13	13954673	13954804	uc007pmn.1_5utr	+	1	0,	131	131	7
chr13	14029375	14039638	uc007pmt.2_5utr	-	2	0,10162,	31,101	132	7
chr13	14029375	14039638	uc007pms.2_5utr	-	2	0,10162,	31,101	132	7
chr13	14029375	14039638	uc007pmq.2_5utr	-	2	0,10162,	31,101	132	7
chr13	14057865	14063401	uc007pmw.2_5utr	-	2	0,5340,	23,196	219	11
chr13	14063783	14064873	uc007pmy.2_5utr	+	2	0,1041,	249,49	298	15
chr13	14063783	14064873	uc007pmz.2_5utr	+	2	0,1041,	249,49	298	15
chr13	14063783	14064873	uc007pna.2_5utr	+	2	0,1041,	249,49	298	15
chr13	14170031	14170054	uc007pnb.1_5utr	+	1	0,	23	23	1
chr13	14177982	14181196	uc007pnc.1_5utr	+	1	0,	3214	3214	161
chr13	14317298	14318974	uc007pnf.1_5utr	-	2	0,1575,	62,101	163	8
chr13	14434460	14523226	uc007pnd.2_5utr	-	2	0,88363,	31,403	434	22
chr13	14434460	14523226	uc007png.2_5utr	-	2	0,88363,	31,403	434	22
chr13	14522853	14523226	uc011ywk.1_5utr	-	1	0,	373	373	19
chr13	14522853	14523226	uc007pnh.2_5utr	-	1	0,	373	373	19
chr13	14522853	14523226	uc007pni.2_5utr	-	1	0,	373	373	19
chr13	14611503	14613025	uc007pnj.1_5utr	-	2	0,1358,	101,164	265	13
chr13	14613018	14613037	uc007pnk.1_5utr	-	1	0,	19	19	1
chr13	14613241	14613274	uc007pnl.1_5utr	+	1	0,	33	33	2
chr13	14630244	14636563	uc007pnm.2_5utr	+	2	0,6055,	40,264	304	15
chr13	14630257	14636563	uc007pnn.2_5utr	+	2	0,6042,	107,264	371	19
chr13	15463234	15478040	uc007pnq.1_5utr	+	2	0,14765,	174,41	215	11
chr13	15463722	15478040	uc007pns.1_5utr	+	2	0,14277,	389,41	430	22
chr13	15463722	15478040	uc007pnr.1_5utr	+	2	0,14277,	389,41	430	22
chr13	16014450	16017295	uc007pnw.1_5utr	+	2	0,2731,	82,114	196	10
chr13	17694732	17694765	uc007pnx.3_5utr	-	1	0,	33	33	2
chr13	17695412	17695484	uc007poa.1_5utr	+	1	0,	72	72	4
chr13	17804651	17805097	uc007poc.2_5utr	-	1	0,	446	446	22
chr13	17804651	17805097	uc007pod.2_5utr	-	1	0,	446	446	22
chr13	17804651	17805097	uc007poe.2_5utr	-	1	0,	446	446	22
chr13	17897066	17944217	uc007pof.1_5utr	-	2	0,46950,	36,201	237	12
chr13	17993306	17993351	uc007pog.2_5utr	-	1	0,	45	45	2
chr13	18172505	18172553	uc007poi.1_5utr	-	1	0,	48	48	2
chr13	18378609	18382039	uc007poj.1_5utr	-	2	0,3337,	45,93	138	7
chr13	18717291	18717315	uc007pok.2_5utr	+	1	0,	24	24	1
chr13	18948350	18948432	uc007pon.2_5utr	+	1	0,	82	82	4
chr13	18948350	18948432	uc007pom.2_5utr	+	1	0,	82	82	4
chr13	18948350	18948432	uc007pol.2_5utr	+	1	0,	82	82	4
chr13	19178023	19178041	uc007poq.1_5utr	+	1	0,	18	18	1
chr13	19184954	19184980	uc007por.1_5utr	+	1	0,	26	26	1
chr13	19337026	19337137	uc007pow.1_5utr	-	1	0,	111	111	6
chr13	19339933	19340015	uc007pox.1_5utr	+	1	0,	82	82	4
chr13	19342147	19344799	uc007poz.1_5utr	+	2	0,2410,	65,242	307	15
chr13	19376603	19395752	uc007ppb.1_5utr	-	2	0,19100,	58,49	107	5
chr13	19376603	19395752	uc007ppa.1_5utr	-	2	0,19100,	58,49	107	5
chr13	19376603	19395752	uc007ppc.1_5utr	-	2	0,19100,	58,49	107	5
chr13	19619562	19619830	uc007ppe.2_5utr	-	1	0,	268	268	13
chr13	19623174	19623432	uc007pph.2_5utr	+	1	0,	258	258	13
chr13	19623174	19623432	uc007ppg.2_5utr	+	1	0,	258	258	13
chr13	19697036	19697760	uc007ppj.1_5utr	-	2	0,585,	10,139	149	7
chr13	19697036	19697760	uc007ppi.1_5utr	-	2	0,585,	10,139	149	7
chr13	19729880	19732951	uc007ppk.1_5utr	-	2	0,2791,	29,280	309	15
chr13	19752603	19824257	uc007ppl.1_5utr	-	5	0,2406,26851,52386,71526,	14,194,107,68,128	511	26
chr13	20090506	20185426	uc007ppm.2_5utr	+	2	0,94847,	265,73	338	17
chr13	20090506	20185426	uc007ppn.3_5utr	+	2	0,94847,	265,73	338	17
chr13	20111511	20185426	uc007ppo.1_5utr	+	2	0,73842,	340,73	413	21
chr13	20472989	20564426	uc007ppr.3_5utr	+	2	0,91434,	298,3	301	15
chr13	20472989	20564426	uc007ppq.2_5utr	+	2	0,91434,	298,3	301	15
chr13	20794112	20794393	uc007ppt.2_5utr	+	1	0,	281	281	14
chr13	20794112	20794393	uc007ppu.2_5utr	+	1	0,	281	281	14
chr13	21179930	21180494	uc007ppy.2_5utr	+	1	0,	564	564	28
chr13	21179930	21180494	uc011ywn.2_5utr	+	1	0,	564	564	28
chr13	21292660	21292686	uc007ppz.2_5utr	-	1	0,	26	26	1
chr13	21312202	21312257	uc007pqa.1_5utr	+	1	0,	55	55	3
chr13	21362819	21363649	uc007pqd.1_5utr	+	2	0,760,	53,70	123	6
chr13	21362831	21363649	uc007pqe.1_5utr	+	3	0,507,748,	344,32,70	446	22
chr13	21363284	21363649	uc007pqf.1_5utr	+	1	0,	365	365	18
chr13	21388698	21394581	uc011ywo.1_5utr	-	4	0,4736,5263,5818,	8,140,124,65	337	17
chr13	21396516	21402640	uc007pqi.1_5utr	-	2	0,5875,	61,249	310	16
chr13	21396516	21402755	uc007pqg.2_5utr	-	2	0,6155,	58,84	142	7
chr13	21396516	21402755	uc007pqh.2_5utr	-	2	0,6155,	61,84	145	7
chr13	21423539	21441058	uc007pqk.2_5utr	-	5	0,4728,9851,10811,17260,	85,95,152,321,259	912	46
chr13	21434485	21441053	uc011ywq.1_5utr	-	2	0,6274,	186,294	480	24
chr13	21434485	21441053	uc007pqj.2_5utr	-	2	0,6274,	186,294	480	24
chr13	21434485	21440710	uc011ywp.1_5utr	-	2	0,5873,	186,352	538	27
chr13	21445770	21447939	uc007pql.2_5utr	-	2	0,2015,	59,154	213	11
chr13	21449455	21453727	uc011ywr.1_5utr	-	2	0,4122,	61,150	211	11
chr13	21468441	21468501	uc007pqm.2_5utr	-	1	0,	60	60	3
chr13	21478848	21479092	uc007pqn.2_5utr	+	1	0,	244	244	12
chr13	21505179	21506524	uc007pqq.1_5utr	-	2	0,1328,	53,17	70	4
chr13	21526938	21531114	uc011ywt.2_5utr	-	2	0,4006,	83,170	253	13
chr13	21526938	21531114	uc007pqr.2_5utr	-	2	0,4006,	83,170	253	13
chr13	21526938	21531114	uc029rzd.1_5utr	-	2	0,4006,	83,170	253	13
chr13	21538003	21538027	uc007pqs.2_5utr	-	1	0,	24	24	1
chr13	21611967	21612004	uc007pqv.2_5utr	-	1	0,	37	37	2
chr13	21674942	21674980	uc007pqy.2_5utr	-	1	0,	38	38	2
chr13	21716411	21716421	uc007prb.2_5utr	+	1	0,	10	10	0
chr13	21717627	21717658	uc007prc.1_5utr	+	1	0,	31	31	2
chr13	21722043	21722097	uc007prd.2_5utr	+	1	0,	54	54	3
chr13	21750505	21750553	uc007prf.2_5utr	-	1	0,	48	48	2
chr13	21753827	21753912	uc007prg.2_5utr	-	1	0,	85	85	4
chr13	21780554	21780625	uc007pri.2_5utr	-	1	0,	71	71	4
chr13	21783370	21783397	uc007prj.1_5utr	-	1	0,	27	27	1
chr13	21787487	21787514	uc056ytc.1_5utr	+	1	0,	27	27	1
chr13	21787487	21787514	uc007prm.2_5utr	+	1	0,	27	27	1
chr13	21810171	21810199	uc011ywu.1_5utr	-	1	0,	28	28	1
chr13	21810366	21810466	uc007prq.3_5utr	+	1	0,	100	100	5
chr13	21811745	21811783	uc007prr.2_5utr	+	1	0,	38	38	2
chr13	21833475	21833575	uc007prt.3_5utr	-	1	0,	100	100	5
chr13	21833742	21833770	uc007prw.2_5utr	+	1	0,	28	28	1
chr13	21945093	21950256	uc011yww.1_5utr	+	5	0,462,1909,4566,5109,	106,244,68,127,54	599	30
chr13	21945093	21945792	uc007pry.1_5utr	+	2	0,462,	106,237	343	17
chr13	21981180	21981560	uc011ywx.1_5utr	+	1	0,	380	380	19
chr13	21981193	21981560	uc011ywy.1_5utr	+	1	0,	367	367	18
chr13	22009697	22009741	uc007prz.1_5utr	-	1	0,	44	44	2
chr13	22035552	22035643	uc007psa.2_5utr	-	1	0,	91	91	5
chr13	22035820	22035886	uc007psb.2_5utr	+	1	0,	66	66	3
chr13	22041323	22041362	uc007psc.2_5utr	-	1	0,	39	39	2
chr13	22042927	22042949	uc007psd.2_5utr	-	1	0,	22	22	1
chr13	22278316	22278361	uc007psl.2_5utr	+	1	0,	45	45	2
chr13	23357570	23369208	uc033gjl.1_5utr	-	5	0,5009,5232,10549,11286,	143,75,73,86,352	729	36
chr13	23357570	23369208	uc011yxd.2_5utr	-	5	0,5009,5232,10549,11564,	143,75,73,86,74	451	23
chr13	23357570	23369208	uc033gjm.1_5utr	-	4	0,5232,10549,11286,	143,73,86,352	654	33
chr13	23357570	23369208	uc007ptn.3_5utr	-	4	0,5232,10549,11564,	143,73,86,74	376	19
chr13	23423832	23423866	uc007pto.1_5utr	-	1	0,	34	34	2
chr13	23465180	23465223	uc007ptq.2_5utr	-	1	0,	43	43	2
chr13	23465180	23465901	uc007ptr.2_5utr	-	2	0,601,	43,120	163	8
chr13	23465180	23465901	uc007ptt.1_5utr	-	2	0,601,	43,120	163	8
chr13	23487917	23488857	uc011yxf.1_5utr	-	2	0,718,	45,222	267	13
chr13	23487917	23488857	uc007ptu.1_5utr	-	2	0,718,	45,222	267	13
chr13	23487917	23488857	uc033gkk.1_5utr	-	2	0,777,	45,163	208	10
chr13	23531043	23531114	uc007ptv.3_5utr	+	1	0,	71	71	4
chr13	23535417	23535445	uc007ptx.1_5utr	+	1	0,	28	28	1
chr13	23543352	23543444	uc007pty.2_5utr	-	1	0,	92	92	5
chr13	23544051	23544484	uc007ptz.3_5utr	+	1	0,	433	433	22
chr13	23555031	23555089	uc007pub.3_5utr	+	1	0,	58	58	3
chr13	23571108	23571220	uc007pud.2_5utr	-	1	0,	112	112	6
chr13	23571399	23571432	uc007pue.3_5utr	+	1	0,	33	33	2
chr13	23574380	23574470	uc007pug.2_5utr	+	1	0,	90	90	4
chr13	23585956	23621124	uc007pui.2_5utr	-	2	0,34959,	10,209	219	11
chr13	23585956	23621124	uc011yxg.1_5utr	-	2	0,34959,	14,209	223	11
chr13	23622497	23622558	uc007puj.3_5utr	-	1	0,	61	61	3
chr13	23683917	23683959	uc007puk.2_5utr	-	1	0,	42	42	2
chr13	23684198	23684231	uc033gla.2_5utr	+	1	0,	33	33	2
chr13	23684198	23684231	uc007pul.1_5utr	+	1	0,	33	33	2
chr13	23684480	23684612	uc007pum.1_5utr	-	1	0,	132	132	7
chr13	23695810	23695865	uc007pun.2_5utr	+	1	0,	55	55	3
chr13	23698449	23698458	uc007puo.2_5utr	-	1	0,	9	9	0
chr13	23710714	23710811	uc007pup.1_5utr	-	1	0,	97	97	5
chr13	23738806	23738848	uc007puq.3_5utr	+	1	0,	42	42	2
chr13	23745497	23745521	uc007pur.1_5utr	-	1	0,	24	24	1
chr13	23746733	23746794	uc007pus.2_5utr	+	1	0,	61	61	3
chr13	23751087	23751132	uc007put.2_5utr	+	1	0,	45	45	2
chr13	23756936	23757020	uc007puw.2_5utr	+	1	0,	84	84	4
chr13	23761157	23761249	uc007pux.2_5utr	-	1	0,	92	92	5
chr13	23762353	23762386	uc007puy.2_5utr	-	1	0,	33	33	2
chr13	23763667	23763716	uc007puz.2_5utr	+	1	0,	49	49	2
chr13	23782540	23782571	uc007pva.2_5utr	+	1	0,	31	31	2
chr13	23807026	23810799	uc007pvb.1_5utr	+	2	0,3691,	325,82	407	20
chr13	23839433	23845353	uc011yxi.1_5utr	+	2	0,5903,	232,17	249	12
chr13	23839433	23842449	uc007pvd.2_5utr	+	2	0,2983,	232,33	265	13
chr13	23839433	23842449	uc007pvc.2_5utr	+	2	0,2983,	232,33	265	13
chr13	23842406	23842449	uc007pve.2_5utr	+	1	0,	43	43	2
chr13	23870272	23872599	uc007pvf.2_5utr	+	2	0,2286,	79,41	120	6
chr13	23870272	23872599	uc007pvg.2_5utr	+	2	0,2286,	171,41	212	11
chr13	23908847	23915007	uc007pvh.1_5utr	-	2	0,6078,	36,82	118	6
chr13	23991033	23991214	uc007pvk.1_5utr	-	1	0,	181	181	9
chr13	24019674	24022636	uc007pvl.1_5utr	-	2	0,2821,	36,141	177	9
chr13	24098971	24099663	uc007pvo.1_5utr	-	2	0,610,	89,82	171	9
chr13	24280600	24280790	uc007pvp.1_5utr	-	1	0,	190	190	10
chr13	24280600	24280790	uc011yxk.1_5utr	-	1	0,	190	190	10
chr13	24280600	24280790	uc007pvn.1_5utr	-	1	0,	190	190	10
chr13	24327403	24416999	uc007pvq.3_5utr	+	4	0,2891,67795,89497,	85,162,289,99	635	32
chr13	24327403	24416999	uc011yxl.2_5utr	+	3	0,67795,89497,	85,289,99	473	24
chr13	24415121	24416999	uc011yxn.2_5utr	+	2	0,1779,	29,99	128	6
chr13	24415121	24417002	uc007pvt.3_5utr	+	2	0,1779,	29,102	131	7
chr13	24415121	24416999	uc011yxm.2_5utr	+	2	0,1779,	29,99	128	6
chr13	24416727	24417002	uc007pvv.3_5utr	+	1	0,	275	275	14
chr13	24416900	24417002	uc007pvw.1_5utr	+	1	0,	102	102	5
chr13	24582188	24669985	uc033glb.1_5utr	+	2	0,87771,	157,26	183	9
chr13	24614605	24614689	uc007pwa.2_5utr	+	1	0,	84	84	4
chr13	24614605	24614689	uc007pwb.2_5utr	+	1	0,	84	84	4
chr13	24614605	24669985	uc011yxo.2_5utr	+	3	0,50803,55354,	142,240,26	408	20
chr13	24638647	24638887	uc007pwd.1_5utr	+	1	0,	240	240	12
chr13	24638647	24638887	uc007pwc.1_5utr	+	1	0,	240	240	12
chr13	24638647	24638887	uc007pwe.1_5utr	+	1	0,	240	240	12
chr13	24741256	24741274	uc007pwf.1_5utr	+	1	0,	18	18	1
chr13	24760210	24761863	uc007pwg.1_5utr	-	2	0,1376,	7,277	284	14
chr13	24760210	24761937	uc007pwh.1_5utr	-	2	0,1602,	7,125	132	7
chr13	24801656	24803380	uc007pwi.1_5utr	+	1	0,	1724	1724	86
chr13	24831306	24831489	uc007pwj.1_5utr	-	1	0,	183	183	9
chr13	24831658	24831731	uc007pwl.2_5utr	+	1	0,	73	73	4
chr13	24831658	24838238	uc011yxq.1_5utr	+	4	0,351,5196,6488,	271,86,92,92	541	27
chr13	24831678	24831731	uc007pwk.1_5utr	+	1	0,	53	53	3
chr13	24831943	24838238	uc007pwm.2_5utr	+	4	0,4072,4911,6203,	152,171,92,92	507	25
chr13	24845130	24854500	uc007pwn.1_5utr	+	2	0,9279,	169,91	260	13
chr13	24937568	24937661	uc007pwp.2_5utr	-	1	0,	93	93	5
chr13	24943151	24943616	uc007pws.1_5utr	+	2	0,247,	98,218	316	16
chr13	25020244	25020317	uc056ytg.1_5utr	-	1	0,	73	73	4
chr13	25056003	25056270	uc007pww.2_5utr	+	1	0,	267	267	13
chr13	25056003	25056270	uc007pwv.1_5utr	+	1	0,	267	267	13
chr13	25262391	25269996	uc007pwx.2_5utr	-	3	0,5630,7450,	8,69,155	232	12
chr13	26770088	26770165	uc007pxa.2_5utr	-	1	0,	77	77	4
chr13	27057569	27057623	uc007pxc.2_5utr	+	1	0,	54	54	3
chr13	27057569	27057623	uc007pxb.2_5utr	+	1	0,	54	54	3
chr13	27094188	27094252	uc007pxd.2_5utr	+	1	0,	64	64	3
chr13	27094188	27094252	uc007pxe.2_5utr	+	1	0,	64	64	3
chr13	27121703	27121741	uc007pxf.1_5utr	+	1	0,	38	38	2
chr13	27156798	27156836	uc007pxg.1_5utr	+	1	0,	38	38	2
chr13	27196659	27196705	uc007pxh.3_5utr	+	1	0,	46	46	2
chr13	27198902	27199352	uc011yxt.2_5utr	+	2	0,421,	107,29	136	7
chr13	27242429	27242488	uc007pxi.1_5utr	+	1	0,	59	59	3
chr13	27259488	27259644	uc007pxj.1_5utr	+	1	0,	156	156	8
chr13	27312626	27312664	uc007pxk.2_5utr	+	1	0,	38	38	2
chr13	27345672	27345736	uc007pxl.2_5utr	+	1	0,	64	64	3
chr13	27345672	27345736	uc007pxm.2_5utr	+	1	0,	64	64	3
chr13	27390776	27390846	uc007pxn.1_5utr	-	1	0,	70	70	4
chr13	27438588	27438688	uc007pxq.2_5utr	-	1	0,	100	100	5
chr13	27438588	27438688	uc007pxo.2_5utr	-	1	0,	100	100	5
chr13	27438588	27438688	uc007pxp.2_5utr	-	1	0,	100	100	5
chr13	27512755	27513213	uc007pxs.1_5utr	-	2	0,368,	70,90	160	8
chr13	27513154	27513213	uc007pxt.1_5utr	-	1	0,	59	59	3
chr13	27513154	27513213	uc007pxr.1_5utr	-	1	0,	59	59	3
chr13	27564546	27564604	uc007pxu.1_5utr	-	1	0,	58	58	3
chr13	27582110	27582171	uc007pxw.1_5utr	-	1	0,	61	61	3
chr13	27582110	27582171	uc007pxv.1_5utr	-	1	0,	61	61	3
chr13	27610522	27610582	uc007pxx.1_5utr	-	1	0,	60	60	3
chr13	27642450	27642493	uc007pxy.2_5utr	-	1	0,	43	43	2
chr13	27642450	27642493	uc007pxz.2_5utr	-	1	0,	43	43	2
chr13	27667994	27668036	uc007pya.1_5utr	-	1	0,	42	42	2
chr13	27716669	27716737	uc007pyc.2_5utr	-	1	0,	68	68	3
chr13	27716669	27716737	uc007pyb.2_5utr	-	1	0,	68	68	3
chr13	27780749	27780804	uc007pyd.1_5utr	-	1	0,	55	55	3
chr13	27801654	27801702	uc007pye.1_5utr	+	1	0,	48	48	2
chr13	27849341	27849401	uc007pyf.2_5utr	+	1	0,	60	60	3
chr13	28016222	28016272	uc007pyg.1_5utr	+	1	0,	50	50	2
chr13	28142483	28142542	uc007pyh.1_5utr	+	1	0,	59	59	3
chr13	28953021	28953682	uc007pyk.1_5utr	-	1	0,	661	661	33
chr13	29854897	29855588	uc007pyn.1_5utr	-	2	0,665,	44,26	70	4
chr13	29854897	29855588	uc007pyp.1_5utr	-	2	0,665,	44,26	70	4
chr13	29854897	29855588	uc007pyo.1_5utr	-	2	0,665,	44,26	70	4
chr13	29984145	29984391	uc007pys.2_5utr	-	1	0,	246	246	12
chr13	29984145	29984391	uc007pyr.2_5utr	-	1	0,	246	246	12
chr13	29985668	29986063	uc007pyq.2_5utr	-	1	0,	395	395	20
chr13	30136489	30136666	uc007pyt.1_5utr	+	1	0,	177	177	9
chr13	30336355	30380953	uc007pyu.2_5utr	+	3	0,8581,44546,	234,84,52	370	18
chr13	30545247	30545316	uc007pyv.2_5utr	-	1	0,	69	69	3
chr13	30660058	30660125	uc007pyw.2_5utr	+	1	0,	67	67	3
chr13	30660058	30660125	uc007pyy.2_5utr	+	1	0,	67	67	3
chr13	30660058	30660125	uc007pyx.2_5utr	+	1	0,	67	67	3
chr13	30749257	30750579	uc007pyz.1_5utr	+	2	0,1290,	38,32	70	4
chr13	30749257	30750579	uc007pza.1_5utr	+	2	0,1290,	38,32	70	4
chr13	30925831	30925847	uc011yxx.1_5utr	-	1	0,	16	16	1
chr13	30940727	30974047	uc007pzd.1_5utr	-	2	0,33268,	43,52	95	5
chr13	30940727	30950298	uc007pzc.1_5utr	-	3	0,5637,9452,	43,59,119	221	11
chr13	30940727	30974047	uc007pze.1_5utr	-	2	0,33268,	43,52	95	5
chr13	30947674	30947761	uc007pzf.2_5utr	-	1	0,	87	87	4
chr13	31558169	31558916	uc007pzj.2_5utr	+	1	0,	747	747	37
chr13	31625815	31626079	uc007pzo.2_5utr	+	1	0,	264	264	13
chr13	31806645	31807207	uc007pzp.1_5utr	+	1	0,	562	562	28
chr13	32338483	32338544	uc007pzr.1_5utr	-	1	0,	61	61	3
chr13	32338483	32338544	uc007pzq.1_5utr	-	1	0,	61	61	3
chr13	32781716	32781779	uc011yya.1_5utr	-	1	0,	63	63	3
chr13	32802029	32802237	uc007pzt.2_5utr	+	1	0,	208	208	10
chr13	32802029	32802237	uc007pzs.2_5utr	+	1	0,	208	208	10
chr13	32850406	32851185	uc007pzu.1_5utr	-	2	0,735,	8,44	52	3
chr13	32897098	32898140	uc007pzw.2_5utr	-	2	0,1015,	8,27	35	2
chr13	32965512	32968509	uc007pzx.1_5utr	+	2	0,2987,	31,10	41	2
chr13	32965512	32972285	uc007pzy.1_5utr	+	3	0,5958,6734,	31,153,39	223	11
chr13	33004540	33006542	uc007pzz.1_5utr	+	2	0,1992,	155,10	165	8
chr13	33027413	33029461	uc007qaa.1_5utr	+	2	0,2038,	187,10	197	10
chr13	33084102	33085285	uc007qab.2_5utr	+	2	0,1175,	115,8	123	6
chr13	33157824	33158351	uc011yyd.1_5utr	-	2	0,486,	61,41	102	5
chr13	33159707	33159754	uc007qac.2_5utr	-	1	0,	47	47	2
chr13	33192958	33194572	uc007qad.1_5utr	+	2	0,1604,	61,10	71	4
chr13	33192958	33200635	uc007qae.1_5utr	+	5	0,1604,2889,3483,7653,	61,178,141,118,24	522	26
chr13	33249609	33251585	uc007qaf.1_5utr	+	2	0,1966,	63,10	73	4
chr13	33324076	33325826	uc007qag.1_5utr	+	2	0,1740,	50,10	60	3
chr13	33484789	33486530	uc007qah.2_5utr	+	2	0,1731,	61,10	71	4
chr13	33661404	33664054	uc007qak.1_5utr	+	2	0,2640,	216,10	226	11
chr13	33661474	33664054	uc056yth.1_5utr	+	2	0,2570,	61,10	71	4
chr13	33841306	33843408	uc007qal.1_5utr	-	3	0,1400,2074,	49,13,28	90	4
chr13	33880753	33880786	uc007qam.1_5utr	-	1	0,	33	33	2
chr13	33899429	33905708	uc007qan.1_5utr	-	2	0,6213,	7,66	73	4
chr13	33931636	33936083	uc011yye.1_5utr	-	3	0,3936,4285,	10,222,162	394	20
chr13	33931636	34002794	uc011yyf.2_5utr	-	3	0,64606,71033,	10,109,125	244	12
chr13	33931636	33936083	uc007qaq.2_5utr	-	2	0,4285,	10,162	172	9
chr13	33931636	33936083	uc007qap.2_5utr	-	2	0,4285,	10,162	172	9
chr13	33935679	33936083	uc007qao.2_5utr	-	2	0,242,	115,162	277	14
chr13	33964658	33972436	uc007qau.2_5utr	+	2	0,7653,	142,125	267	13
chr13	33964658	33968270	uc007qas.2_5utr	+	3	0,1386,3531,	142,82,81	305	15
chr13	33964658	33968270	uc007qat.2_5utr	+	2	0,3531,	142,81	223	11
chr13	33967152	33968270	uc011yyg.1_5utr	+	2	0,1037,	71,81	152	8
chr13	34002396	34009656	uc007qaw.1_5utr	+	2	0,7204,	310,56	366	18
chr13	34002396	34009656	uc007qax.1_5utr	+	2	0,7204,	310,56	366	18
chr13	34002873	34009656	uc007qay.1_5utr	+	2	0,6727,	80,56	136	7
chr13	34037640	34037662	uc007qba.1_5utr	+	1	0,	22	22	1
chr13	34037640	34037662	uc007qaz.1_5utr	+	1	0,	22	22	1
chr13	34077929	34078008	uc007qbb.3_5utr	-	1	0,	79	79	4
chr13	34130233	34130354	uc007qbd.1_5utr	-	1	0,	121	121	6
chr13	34162963	34163075	uc007qbe.3_5utr	+	1	0,	112	112	6
chr13	34162963	34163075	uc007qbf.3_5utr	+	1	0,	112	112	6
chr13	34299066	34299151	uc007qbg.1_5utr	-	1	0,	85	85	4
chr13	34344797	34345182	uc007qbh.1_5utr	-	1	0,	385	385	19
chr13	34652435	34652681	uc007qbi.1_5utr	-	1	0,	246	246	12
chr13	34734849	34746542	uc007qbl.1_5utr	+	2	0,11604,	59,89	148	7
chr13	34739641	34746542	uc007qbm.1_5utr	+	2	0,6812,	146,89	235	12
chr13	34875493	34875653	uc007qbp.2_5utr	+	1	0,	160	160	8
chr13	34875493	34875653	uc007qbn.2_5utr	+	1	0,	160	160	8
chr13	34915716	34919992	uc011yyi.1_5utr	-	3	0,1034,3894,	34,168,382	584	29
chr13	34915716	34916989	uc007qbr.1_5utr	-	2	0,1034,	34,239	273	14
chr13	34924408	34924536	uc007qbt.2_5utr	+	1	0,	128	128	6
chr13	34960478	34963809	uc007qbv.1_5utr	-	2	0,3275,	21,56	77	4
chr13	34993175	34994144	uc007qbx.3_5utr	-	2	0,654,	55,315	370	18
chr13	34994028	34994144	uc007qby.3_5utr	-	1	0,	116	116	6
chr13	34994057	34994144	uc007qbz.2_5utr	-	1	0,	87	87	4
chr13	35659861	35669945	uc007qce.2_5utr	+	2	0,9950,	132,134	266	13
chr13	35738456	35816280	uc007qcf.2_5utr	+	2	0,77452,	182,372	554	28
chr13	35741401	35741864	uc007qcg.2_5utr	+	1	0,	463	463	23
chr13	35906326	35906347	uc011yyj.1_5utr	-	1	0,	21	21	1
chr13	35967905	35968598	uc007qci.2_5utr	+	2	0,252,	77,441	518	26
chr13	36117160	36117357	uc007qcj.1_5utr	-	1	0,	197	197	10
chr13	36117642	36232205	uc007qcl.2_5utr	+	2	0,114479,	363,84	447	22
chr13	36117642	36204529	uc007qck.2_5utr	+	2	0,86866,	363,21	384	19
chr13	36734290	36734477	uc007qcm.3_5utr	-	1	0,	187	187	9
chr13	37047486	37050244	uc007qco.2_5utr	-	2	0,2708,	18,50	68	3
chr13	37047486	37049213	uc007qcn.2_5utr	-	2	0,1654,	18,73	91	5
chr13	37047486	37049213	uc007qcp.2_5utr	-	2	0,1654,	18,73	91	5
chr13	37047486	37049213	uc007qcq.2_5utr	-	2	0,1654,	18,73	91	5
chr13	37345344	37345438	uc007qcr.2_5utr	+	1	0,	94	94	5
chr13	37826037	37893813	uc007qcw.2_5utr	+	4	0,62833,66514,67734,	307,102,107,42	558	28
chr13	37826911	37893813	uc007qcx.2_5utr	+	4	0,61959,65640,66860,	64,102,107,42	315	16
chr13	37826911	37947158	uc007qcy.3_5utr	+	9	0,61959,65640,66860,71500,72712,89110,89547,119945,	64,102,107,1427,90,164,139,137,302	2532	127
chr13	37827392	37893813	uc007qcz.1_5utr	+	4	0,61478,65159,66379,	339,102,107,42	590	30
chr13	37888433	37898486	uc007qda.2_5utr	+	5	0,437,4118,5338,9978,	247,102,107,1427,75	1958	98
chr13	37888870	37893813	uc007qdb.2_5utr	+	3	0,3681,4901,	102,107,42	251	13
chr13	37994083	37994190	uc007qdc.2_5utr	-	1	0,	107	107	5
chr13	37994083	37994190	uc011yyk.1_5utr	-	1	0,	107	107	5
chr13	38025681	38037069	uc007qdf.1_5utr	-	3	0,2421,11106,	122,88,282	492	25
chr13	38032472	38036937	uc007qde.2_5utr	-	2	0,4346,	152,119	271	14
chr13	38036988	38037460	uc007qdi.2_5utr	+	1	0,	472	472	24
chr13	38036988	38043086	uc011yyl.1_5utr	+	4	0,762,3084,6062,	543,271,202,36	1052	53
chr13	38036988	38037460	uc007qdh.3_5utr	+	1	0,	472	472	24
chr13	38056672	38057205	uc007qdj.2_5utr	+	1	0,	533	533	27
chr13	38151293	38151588	uc007qdk.2_5utr	+	1	0,	295	295	15
chr13	38204938	38204972	uc007qdo.1_5utr	+	1	0,	34	34	2
chr13	38204938	38204972	uc007qdm.1_5utr	+	1	0,	34	34	2
chr13	38204938	38204972	uc007qdn.1_5utr	+	1	0,	34	34	2
chr13	38220606	38220714	uc011yym.1_5utr	+	1	0,	108	108	5
chr13	38345715	38345932	uc007qdp.1_5utr	+	1	0,	217	217	11
chr13	38523417	38528824	uc007qdt.2_5utr	-	2	0,5134,	61,273	334	17
chr13	38527676	38527914	uc007qdr.2_5utr	-	1	0,	238	238	12
chr13	38528408	38528484	uc007qdq.2_5utr	-	1	0,	76	76	4
chr13	38528408	38528484	uc007qds.2_5utr	-	1	0,	76	76	4
chr13	38635041	38635109	uc007qdv.1_5utr	-	1	0,	68	68	3
chr13	38635041	38635109	uc007qdu.1_5utr	-	1	0,	68	68	3
chr13	38658993	38659028	uc007qdx.1_5utr	-	1	0,	35	35	2
chr13	38658993	38659028	uc007qdw.1_5utr	-	1	0,	35	35	2
chr13	38955849	38960537	uc007qdz.2_5utr	-	2	0,4582,	87,106	193	10
chr13	38955849	38960537	uc007qea.2_5utr	-	2	0,4582,	87,106	193	10
chr13	38955849	38960537	uc007qdy.2_5utr	-	2	0,4560,	87,128	215	11
chr13	38960657	38960875	uc011yyn.1_5utr	-	1	0,	218	218	11
chr13	40263560	40288030	uc011yyp.1_5utr	-	4	0,16811,17286,24411,	87,177,67,59	390	20
chr13	40287983	40361450	uc007qec.1_5utr	-	2	0,73210,	47,257	304	15
chr13	40287983	40288030	uc011yyo.1_5utr	-	1	0,	47	47	2
chr13	40719208	40731607	uc007qef.3_5utr	-	6	0,2060,3882,5920,9133,12236,	125,119,232,52,435,163	1126	56
chr13	40719208	40725187	uc007qed.3_5utr	-	4	0,2060,3882,5920,	125,119,232,59	535	27
chr13	40728908	40728944	uc007qei.1_5utr	-	1	0,	36	36	2
chr13	40730065	40730457	uc007qee.3_5utr	-	1	0,	392	392	20
chr13	40733714	40733798	uc011yyq.1_5utr	-	1	0,	84	84	4
chr13	40733714	40733798	uc007qeh.1_5utr	-	1	0,	84	84	4
chr13	40733714	40734920	uc056ytm.1_5utr	-	2	0,937,	84,269	353	18
chr13	40733714	40733823	uc007qej.3_5utr	-	1	0,	109	109	5
chr13	40859767	40860354	uc007qel.2_5utr	+	1	0,	587	587	29
chr13	40886757	40887366	uc007qem.2_5utr	+	1	0,	609	609	30
chr13	40917633	40917882	uc007qeo.1_5utr	+	1	0,	249	249	12
chr13	40917633	40917882	uc007qen.1_5utr	+	1	0,	249	249	12
chr13	41001009	41001329	uc007qeq.2_5utr	+	1	0,	320	320	16
chr13	41001009	41001329	uc007qer.2_5utr	+	1	0,	320	320	16
chr13	41001009	41009028	uc007qes.2_5utr	+	5	0,3727,7006,7201,7876,	404,163,121,75,143	906	45
chr13	41016249	41017706	uc007qeu.2_5utr	+	2	0,1456,	149,1	150	8
chr13	41016249	41017150	uc007qet.2_5utr	+	2	0,865,	149,36	185	9
chr13	41070237	41070465	uc007qev.2_5utr	-	1	0,	228	228	11
chr13	41070237	41079706	uc007qew.2_5utr	-	2	0,9364,	228,105	333	17
chr13	41070237	41079706	uc007qex.2_5utr	-	2	0,9364,	228,105	333	17
chr13	41104616	41105683	uc007qey.1_5utr	-	2	0,794,	78,273	351	18
chr13	41109954	41110183	uc007qfa.1_5utr	-	1	0,	229	229	11
chr13	41109954	41109988	uc007qez.1_5utr	-	1	0,	34	34	2
chr13	41220357	41220403	uc007qfb.2_5utr	-	1	0,	46	46	2
chr13	41249843	41250238	uc007qfc.2_5utr	+	1	0,	395	395	20
chr13	41358864	41359001	uc007qfd.2_5utr	-	1	0,	137	137	7
chr13	41425872	41487360	uc007qfe.3_5utr	-	2	0,61284,	152,204	356	18
chr13	41649442	41656011	uc007qfg.2_5utr	+	5	0,563,4204,4937,6110,	68,124,72,106,459	829	41
chr13	41650761	41656011	uc011yys.1_5utr	+	3	0,2885,4791,	135,72,459	666	33
chr13	41828295	41847616	uc007qfi.1_5utr	-	2	0,19195,	90,126	216	11
chr13	41847447	41847488	uc007qfh.1_5utr	-	1	0,	41	41	2
chr13	42052020	42055502	uc007qfk.1_5utr	+	2	0,3379,	70,103	173	9
chr13	42301269	42301894	uc007qfl.2_5utr	+	1	0,	625	625	31
chr13	42680798	42682697	uc007qfm.2_5utr	+	2	0,1851,	128,48	176	9
chr13	42680798	42682697	uc007qfo.2_5utr	+	2	0,1851,	128,48	176	9
chr13	42709580	42709621	uc007qfq.1_5utr	+	1	0,	41	41	2
chr13	42709580	42709621	uc007qfp.1_5utr	+	1	0,	41	41	2
chr13	42866246	42956642	uc007qfr.1_5utr	+	2	0,90370,	241,26	267	13
chr13	43122838	43122915	uc007qfs.1_5utr	+	1	0,	77	77	4
chr13	43125887	43127505	uc007qft.1_5utr	+	3	0,1392,1511,	29,30,107	166	8
chr13	43169913	43171501	uc011yyt.2_5utr	-	2	0,1395,	34,193	227	11
chr13	43169913	43171501	uc007qfw.3_5utr	-	2	0,1395,	34,193	227	11
chr13	43169913	43171501	uc007qfu.2_5utr	-	2	0,1415,	34,173	207	10
chr13	43169913	43171501	uc007qfv.3_5utr	-	2	0,1395,	34,193	227	11
chr13	43303497	43304172	uc007qfx.1_5utr	-	1	0,	675	675	34
chr13	43365505	43370753	uc007qfz.1_5utr	+	2	0,5213,	39,35	74	4
chr13	43370718	43370753	uc007qga.1_5utr	+	1	0,	35	35	2
chr13	43398375	43398404	uc007qgb.1_5utr	+	1	0,	29	29	1
chr13	43398375	43398404	uc007qgc.1_5utr	+	1	0,	29	29	1
chr13	43480928	43480973	uc011yyu.1_5utr	-	1	0,	45	45	2
chr13	43560126	43560191	uc007qgf.2_5utr	-	1	0,	65	65	3
chr13	43560126	43560191	uc007qgg.2_5utr	-	1	0,	65	65	3
chr13	43615796	43667974	uc007qgh.2_5utr	+	2	0,51963,	271,215	486	24
chr13	43785111	43785213	uc007qgl.3_5utr	+	1	0,	102	102	5
chr13	43785111	43785213	uc007qgk.3_5utr	+	1	0,	102	102	5
chr13	43785184	43785365	uc007qgj.2_5utr	+	1	0,	181	181	9
chr13	44730773	44731871	uc007qgr.2_5utr	+	2	0,939,	115,159	274	14
chr13	44730773	44731871	uc007qgs.2_5utr	+	2	0,939,	161,159	320	16
chr13	44731270	44731871	uc007qgu.2_5utr	+	1	0,	601	601	30
chr13	44731270	44731871	uc007qgt.2_5utr	+	1	0,	601	601	30
chr13	44840775	44840813	uc007qgv.1_5utr	+	1	0,	38	38	2
chr13	44982852	44982997	uc007qgw.1_5utr	-	1	0,	145	145	7
chr13	45001972	45002096	uc007qgx.1_5utr	-	1	0,	124	124	6
chr13	45389741	45389956	uc007qgz.1_5utr	+	1	0,	215	215	11
chr13	45507468	45507656	uc007qha.1_5utr	+	1	0,	188	188	9
chr13	45568417	45964991	uc011yyw.2_5utr	-	7	0,129403,166697,227091,283910,388037,396397,	163,125,64,129,129,121,177	908	45
chr13	45568417	45964991	uc011yyx.2_5utr	-	6	0,166697,227091,283910,388037,396397,	163,64,129,129,121,177	783	39
chr13	45568417	45964991	uc011yyv.2_5utr	-	7	0,129403,166697,227091,283910,388037,396397,	163,125,64,129,129,121,177	908	45
chr13	46273720	46273817	uc007qhd.1_5utr	+	1	0,	97	97	5
chr13	46418299	46419030	uc007qhe.1_5utr	+	1	0,	731	731	37
chr13	46501902	46525415	uc007qhg.2_5utr	+	2	0,23512,	309,1	310	16
chr13	46501902	46525415	uc007qhf.2_5utr	+	2	0,23512,	309,1	310	16
chr13	46609566	46609679	uc007qhh.2_5utr	+	1	0,	113	113	6
chr13	46669521	46669585	uc007qhi.1_5utr	+	1	0,	64	64	3
chr13	46687328	46688918	uc056ytn.1_5utr	-	1	0,	1590	1590	80
chr13	46727473	46727849	uc007qhj.2_5utr	-	1	0,	376	376	19
chr13	46752824	46752978	uc007qhk.1_5utr	-	1	0,	154	154	8
chr13	46761338	46771598	uc007qhl.1_5utr	-	6	0,2009,3261,7815,9878,10167,	86,106,48,78,153,93	564	28
chr13	46785329	46786645	uc007qhm.1_5utr	-	2	0,1183,	63,133	196	10
chr13	46929621	46929718	uc007qhn.1_5utr	-	1	0,	97	97	5
chr13	47014779	47014850	uc007qhp.2_5utr	-	1	0,	71	71	4
chr13	47041523	47043217	uc007qhr.2_5utr	-	2	0,1580,	56,114	170	8
chr13	47041523	47043217	uc007qhq.2_5utr	-	2	0,1580,	56,114	170	8
chr13	47041523	47043144	uc007qhs.1_5utr	-	2	0,1603,	56,18	74	4
chr13	47043498	47047915	uc007qht.3_5utr	+	2	0,4404,	172,13	185	9
chr13	47062957	47062965	uc007qhu.3_5utr	+	1	0,	8	8	0
chr13	47066455	47074407	uc011yyy.2_5utr	+	5	0,989,5436,7255,7898,	153,138,128,132,54	605	30
chr13	47098376	47098438	uc007qhv.2_5utr	-	1	0,	62	62	3
chr13	47105728	47106221	uc011yyz.1_5utr	-	2	0,344,	9,149	158	8
chr13	47105728	47106221	uc007qhw.2_5utr	-	2	0,344,	9,149	158	8
chr13	47122719	47207385	uc007qhx.2_5utr	+	2	0,84640,	154,26	180	9
chr13	47194002	47207385	uc007qhz.2_5utr	+	2	0,13357,	118,26	144	7
chr13	47910434	47931014	uc007qia.1_5utr	+	3	0,20273,20533,	92,76,47	215	11
chr13	48261426	48261497	uc007qid.1_5utr	+	1	0,	71	71	4
chr13	48506939	48513436	uc007qif.2_5utr	-	2	0,6355,	54,142	196	10
chr13	48506939	48513436	uc007qig.2_5utr	-	2	0,6355,	54,142	196	10
chr13	48506939	48513410	uc011yza.1_5utr	-	2	0,6361,	54,110	164	8
chr13	48592581	48625672	uc007qik.2_5utr	-	3	0,13691,32795,	76,88,296	460	23
chr13	48606354	48625672	uc007qii.2_5utr	-	2	0,19022,	6,296	302	15
chr13	48606354	48625672	uc007qij.2_5utr	-	2	0,19022,	6,296	302	15
chr13	48663035	48663116	uc007qil.1_5utr	+	1	0,	81	81	4
chr13	48828894	48832125	uc007qim.1_5utr	-	2	0,3109,	52,122	174	9
chr13	48870765	48870885	uc007qin.2_5utr	-	1	0,	120	120	6
chr13	49077961	49078063	uc007qiv.1_5utr	-	1	0,	102	102	5
chr13	49090819	49091036	uc007qis.2_5utr	-	1	0,	217	217	11
chr13	49147232	49148328	uc007qiu.2_5utr	-	2	0,529,	2,567	569	28
chr13	49147232	49148328	uc007qir.3_5utr	-	2	0,529,	2,567	569	28
chr13	49147232	49148328	uc009val.2_5utr	-	2	0,529,	2,567	569	28
chr13	49187546	49187562	uc007qiw.1_5utr	+	1	0,	16	16	1
chr13	49215943	49216026	uc007qiy.1_5utr	-	1	0,	83	83	4
chr13	49248132	49248163	uc007qiz.2_5utr	-	1	0,	31	31	2
chr13	49248132	49248163	uc007qjb.1_5utr	-	1	0,	31	31	2
chr13	49248470	49248706	uc007qja.2_5utr	-	1	0,	236	236	12
chr13	49296771	49320311	uc007qje.1_5utr	-	4	0,1135,19611,23171,	50,156,180,369	755	38
chr13	49296771	49299020	uc007qjc.1_5utr	-	3	0,1135,1812,	50,156,437	643	32
chr13	49296771	49309208	uc007qjd.1_5utr	-	3	0,1135,12409,	50,156,28	234	12
chr13	49341548	49341670	uc007qji.2_5utr	+	1	0,	122	122	6
chr13	49341548	49341670	uc007qjh.2_5utr	+	1	0,	122	122	6
chr13	49341548	49341892	uc007qjg.2_5utr	+	2	0,197,	93,147	240	12
chr13	49421222	49421385	uc007qjj.2_5utr	+	1	0,	163	163	8
chr13	49421222	49432426	uc011yze.2_5utr	+	4	0,1719,9646,11147,	244,85,48,57	434	22
chr13	49421613	49421710	uc033glj.1_5utr	+	1	0,	97	97	5
chr13	49504809	49514822	uc007qjl.1_5utr	+	2	0,9984,	196,29	225	11
chr13	49504809	49520618	uc011yzf.1_5utr	+	3	0,9984,13492,	196,306,2317	2819	141
chr13	49544442	49551663	uc007qjm.2_5utr	+	2	0,7198,	275,23	298	15
chr13	49544442	49551663	uc007qjn.2_5utr	+	2	0,7215,	275,6	281	14
chr13	49582746	49589475	uc007qjq.1_5utr	+	2	0,6715,	67,14	81	4
chr13	49582746	49589475	uc007qjp.1_5utr	+	3	0,4887,6715,	67,176,14	257	13
chr13	49608070	49609183	uc007qjr.1_5utr	+	2	0,1043,	56,70	126	6
chr13	49609102	49609183	uc007qjs.1_5utr	+	1	0,	81	81	4
chr13	49652689	49652731	uc007qjk.1_5utr	-	1	0,	42	42	2
chr13	49652689	49652731	uc007qjo.1_5utr	-	1	0,	42	42	2
chr13	49653077	49654381	uc033glk.1_5utr	+	2	0,1269,	786,35	821	41
chr13	49653077	49654381	uc033gll.1_5utr	+	2	0,1273,	605,31	636	32
chr13	49653077	49653645	uc007qjt.2_5utr	+	1	0,	568	568	28
chr13	49682129	49687392	uc007qjv.2_5utr	+	2	0,5256,	74,7	81	4
chr13	50250264	50250308	uc007qka.1_5utr	-	1	0,	44	44	2
chr13	50417876	50417897	uc007qkl.1_5utr	+	1	0,	21	21	1
chr13	50467306	50467400	uc007qkn.1_5utr	+	1	0,	94	94	5
chr13	50643227	50643271	uc007qld.1_5utr	+	1	0,	44	44	2
chr13	50698328	50698355	uc029sav.1_5utr	+	1	0,	27	27	1
chr13	51100879	51127947	uc033gln.1_5utr	+	2	0,27045,	111,23	134	7
chr13	51100879	51123236	uc033glm.1_5utr	+	2	0,22208,	186,149	335	17
chr13	51100879	51123236	uc007qly.2_5utr	+	2	0,22208,	111,149	260	13
chr13	51101546	51123236	uc007qlz.2_5utr	+	2	0,21541,	51,149	200	10
chr13	51134317	51134347	uc007qmb.3_5utr	+	1	0,	30	30	2
chr13	51171024	51171322	uc007qme.1_5utr	+	1	0,	298	298	15
chr13	51408617	51418784	uc007qmf.2_5utr	+	2	0,10024,	328,143	471	24
chr13	51645231	51645412	uc007qmh.2_5utr	+	1	0,	181	181	9
chr13	51651713	51651784	uc007qml.1_5utr	+	1	0,	71	71	4
chr13	51651713	51654392	uc007qmk.2_5utr	+	3	0,898,2672,	107,144,7	258	13
chr13	51651713	51651784	uc007qmj.1_5utr	+	1	0,	71	71	4
chr13	51673864	51677216	uc007qmm.1_5utr	+	3	0,2422,3276,	165,167,76	408	20
chr13	51725329	51734717	uc007qmn.2_5utr	-	2	0,9177,	213,211	424	21
chr13	51725329	51793747	uc007qmp.2_5utr	-	4	0,9177,37922,68167,	213,64,69,251	597	30
chr13	51725329	51793747	uc007qmo.2_5utr	-	3	0,37922,68167,	213,69,251	533	27
chr13	51846674	51846779	uc007qmq.2_5utr	+	1	0,	105	105	5
chr13	52508269	52530836	uc007qmv.1_5utr	-	2	0,22150,	36,417	453	23
chr13	52583436	52610838	uc007qmx.1_5utr	+	2	0,27359,	169,43	212	11
chr13	52583436	52610838	uc007qmz.1_5utr	+	2	0,27359,	169,43	212	11
chr13	52583436	52610838	uc007qmy.1_5utr	+	3	0,13521,27359,	169,97,43	309	15
chr13	52596881	52610838	uc007qna.1_5utr	+	2	0,13914,	173,43	216	11
chr13	52929641	52929677	uc007qnd.1_5utr	-	1	0,	36	36	2
chr13	52929641	52929677	uc007qne.1_5utr	-	1	0,	36	36	2
chr13	52929641	52929677	uc007qnf.1_5utr	-	1	0,	36	36	2
chr13	52929641	52929677	uc007qng.1_5utr	-	1	0,	36	36	2
chr13	52968851	52973065	uc007qnh.1_5utr	-	2	0,4026,	170,188	358	18
chr13	52968866	52981039	uc007qni.1_5utr	-	2	0,11994,	155,179	334	17
chr13	53285877	53286109	uc007qnj.1_5utr	-	1	0,	232	232	12
chr13	53377349	53377361	uc007qnk.2_5utr	-	1	0,	12	12	1
chr13	53472710	53472780	uc007qnw.1_5utr	-	1	0,	70	70	4
chr13	54054193	54055658	uc011yzm.3_5utr	-	2	0,1367,	420,98	518	26
chr13	54054193	54054780	uc056ytq.1_5utr	-	2	0,535,	420,52	472	24
chr13	54071844	54085459	uc007qoa.2_5utr	+	2	0,13604,	88,11	99	5
chr13	54192128	54214006	uc007qob.1_5utr	+	2	0,21440,	65,438	503	25
chr13	54371348	54378668	uc029sbi.1_5utr	+	2	0,7232,	227,88	315	16
chr13	54468807	54468840	uc007qod.2_5utr	-	1	0,	33	33	2
chr13	54503804	54503875	uc007qoe.2_5utr	+	1	0,	71	71	4
chr13	54523969	54524164	uc011yzn.1_5utr	+	1	0,	195	195	10
chr13	54552982	54565382	uc007qoi.3_5utr	-	4	0,215,3544,12199,	55,107,125,201	488	24
chr13	54559216	54565382	uc029sbl.1_5utr	-	2	0,5965,	108,201	309	15
chr13	54561842	54565382	uc029sbk.1_5utr	-	2	0,3339,	29,201	230	12
chr13	54561842	54565382	uc029sbj.1_5utr	-	3	0,2672,3339,	29,107,201	337	17
chr13	54564212	54565382	uc007qof.3_5utr	-	3	0,302,969,	60,107,201	368	18
chr13	54575012	54575094	uc007qoj.2_5utr	+	1	0,	82	82	4
chr13	54589967	54590074	uc007qok.1_5utr	-	1	0,	107	107	5
chr13	54590230	54590265	uc007qol.1_5utr	+	1	0,	35	35	2
chr13	54611264	54611272	uc007qom.1_5utr	-	1	0,	8	8	0
chr13	54611264	54611272	uc007qon.1_5utr	-	1	0,	8	8	0
chr13	54611264	54611272	uc007qoo.1_5utr	-	1	0,	8	8	0
chr13	54621783	54638270	uc007qos.2_5utr	+	3	0,7606,16466,	120,75,21	216	11
chr13	54621783	54621840	uc007qop.2_5utr	+	1	0,	57	57	3
chr13	54621783	54621840	uc007qor.2_5utr	+	1	0,	57	57	3
chr13	54621783	54621840	uc007qoq.2_5utr	+	1	0,	57	57	3
chr13	54683981	54693960	uc007qoy.2_5utr	-	3	0,356,9747,	105,151,232	488	24
chr13	54684014	54693960	uc007qox.3_5utr	-	3	0,323,9714,	72,151,232	455	23
chr13	54684014	54688200	uc007qow.2_5utr	-	3	0,323,4016,	72,151,170	393	20
chr13	54684014	54687808	uc007qot.2_5utr	-	3	0,323,3479,	72,151,315	538	27
chr13	54684444	54687808	uc007qov.2_5utr	-	2	0,3049,	44,315	359	18
chr13	54684444	54687808	uc007qou.2_5utr	-	2	0,3049,	44,315	359	18
chr13	54701462	54712627	uc007qoz.2_5utr	+	2	0,11154,	107,11	118	6
chr13	54740459	54749669	uc007qpb.1_5utr	-	2	0,9110,	154,100	254	13
chr13	54740459	54749669	uc007qpa.1_5utr	-	3	0,1549,9110,	154,100,100	354	18
chr13	54765683	54766440	uc007qpc.1_5utr	-	2	0,621,	9,136	145	7
chr13	54783997	54786633	uc007qpi.2_5utr	+	5	0,193,811,1480,2621,	36,111,197,64,15	423	21
chr13	54783997	54784015	uc033glv.1_5utr	+	1	0,	18	18	1
chr13	54783997	54784015	uc033glt.1_5utr	+	1	0,	18	18	1
chr13	54783997	54784015	uc007qpe.2_5utr	+	1	0,	18	18	1
chr13	54783997	54784101	uc007qpg.2_5utr	+	1	0,	104	104	5
chr13	54783997	54784015	uc033glu.1_5utr	+	1	0,	18	18	1
chr13	54783997	54784101	uc007qph.2_5utr	+	1	0,	104	104	5
chr13	54783997	54784015	uc007qpf.2_5utr	+	1	0,	18	18	1
chr13	54784004	54784353	uc007qpk.1_5utr	+	1	0,	349	349	17
chr13	54789404	54789594	uc007qpm.2_5utr	+	1	0,	190	190	10
chr13	54789404	54789594	uc007qpl.2_5utr	+	1	0,	190	190	10
chr13	54949431	54949661	uc007qpq.1_5utr	+	1	0,	230	230	12
chr13	54949431	54949661	uc007qpp.1_5utr	+	1	0,	230	230	12
chr13	55014506	55021385	uc011yzo.2_5utr	-	5	0,119,466,4821,6639,	40,155,157,120,240	712	36
chr13	55015060	55021385	uc007qpu.2_5utr	-	2	0,6085,	69,240	309	15
chr13	55019423	55020819	uc007qpr.2_5utr	-	2	0,1346,	24,50	74	4
chr13	55019423	55021385	uc007qpt.2_5utr	-	2	0,1722,	24,240	264	13
chr13	55019423	55020819	uc007qps.2_5utr	-	2	0,1346,	24,50	74	4
chr13	55093273	55100300	uc007qpv.2_5utr	-	2	0,6923,	8,104	112	6
chr13	55093273	55100300	uc007qpw.2_5utr	-	2	0,6923,	8,104	112	6
chr13	55093273	55100300	uc007qpx.2_5utr	-	2	0,6923,	8,104	112	6
chr13	55105308	55105343	uc007qpy.1_5utr	+	1	0,	35	35	2
chr13	55113677	55113725	uc007qpz.1_5utr	+	1	0,	48	48	2
chr13	55152817	55155489	uc007qqb.1_5utr	+	2	0,2620,	110,52	162	8
chr13	55155437	55155489	uc011yzq.1_5utr	+	1	0,	52	52	3
chr13	55209781	55213220	uc007qqd.1_5utr	+	2	0,3422,	94,17	111	6
chr13	55210734	55213287	uc007qqe.1_5utr	+	2	0,2469,	331,84	415	21
chr13	55211540	55213220	uc007qqf.1_5utr	+	2	0,1663,	49,17	66	3
chr13	55211818	55213287	uc007qqg.1_5utr	+	2	0,1385,	182,84	266	13
chr13	55212069	55213287	uc007qqi.1_5utr	+	2	0,1134,	38,84	122	6
chr13	55213203	55213220	uc007qqj.1_5utr	+	1	0,	17	17	1
chr13	55321654	55321980	uc007qqk.1_5utr	-	1	0,	326	326	16
chr13	55322054	55322189	uc007qql.1_5utr	+	1	0,	135	135	7
chr13	55322054	55322189	uc007qqm.1_5utr	+	1	0,	135	135	7
chr13	55329667	55329730	uc007qqn.1_5utr	-	1	0,	63	63	3
chr13	55362589	55362783	uc007qqo.1_5utr	-	1	0,	194	194	10
chr13	55362589	55362783	uc007qqp.1_5utr	-	1	0,	194	194	10
chr13	55369731	55369891	uc007qqq.2_5utr	+	1	0,	160	160	8
chr13	55369731	55369891	uc011yzr.1_5utr	+	1	0,	160	160	8
chr13	55379168	55379314	uc007qqr.1_5utr	+	1	0,	146	146	7
chr13	55399647	55400457	uc007qqs.1_5utr	+	2	0,789,	88,21	109	5
chr13	55403203	55408703	uc007qqt.1_5utr	+	2	0,5488,	136,12	148	7
chr13	55415166	55415232	uc007qqu.1_5utr	-	1	0,	66	66	3
chr13	55426768	55426804	uc007qqv.3_5utr	-	1	0,	36	36	2
chr13	55445071	55449351	uc007qqw.2_5utr	+	2	0,4236,	210,44	254	13
chr13	55445330	55445508	uc007qqx.3_5utr	+	1	0,	178	178	9
chr13	55445330	55445508	uc007qra.3_5utr	+	1	0,	178	178	9
chr13	55445330	55452191	uc007qqy.3_5utr	+	9	0,3977,4934,5176,5597,5998,6189,6372,6804,	230,96,113,78,101,93,64,134,57	966	48
chr13	55445330	55445508	uc033glw.1_5utr	+	1	0,	178	178	9
chr13	55445330	55445508	uc011yzt.2_5utr	+	1	0,	178	178	9
chr13	55445330	55445508	uc011yzs.2_5utr	+	1	0,	178	178	9
chr13	55464266	55472024	uc007qrb.2_5utr	+	2	0,7521,	148,237	385	19
chr13	55487948	55488076	uc007qrd.2_5utr	-	1	0,	128	128	6
chr13	55487948	55488076	uc007qrc.2_5utr	-	1	0,	128	128	6
chr13	55487948	55488076	uc011yzu.1_5utr	-	1	0,	128	128	6
chr13	55507388	55513446	uc007qrh.3_5utr	-	5	0,1391,1503,4923,5978,	236,31,152,107,80	606	30
chr13	55512407	55513446	uc007qri.3_5utr	-	2	0,959,	11,80	91	5
chr13	55512407	55513446	uc007qrk.3_5utr	-	2	0,959,	11,80	91	5
chr13	55512407	55513446	uc007qrg.3_5utr	-	2	0,959,	11,80	91	5
chr13	55512407	55513446	uc007qrl.3_5utr	-	2	0,959,	11,80	91	5
chr13	55524517	55528556	uc007qrn.1_5utr	-	2	0,2814,	63,1225	1288	64
chr13	55528514	55528538	uc007qrm.1_5utr	-	1	0,	24	24	1
chr13	55536507	55536658	uc007qro.2_5utr	-	1	0,	151	151	8
chr13	55549270	55550009	uc007qrp.2_5utr	-	1	0,	739	739	37
chr13	55556096	55571120	uc011yzv.1_5utr	-	3	0,8423,13608,	129,61,1416	1606	80
chr13	55592951	55593568	uc007qrr.1_5utr	+	2	0,549,	83,68	151	8
chr13	55593134	55593173	uc007qrs.1_5utr	+	1	0,	39	39	2
chr13	55600110	55600142	uc011yzw.1_5utr	+	1	0,	32	32	2
chr13	55600110	55600142	uc007qru.1_5utr	+	1	0,	32	32	2
chr13	55600110	55604137	uc007qrt.1_5utr	+	2	0,4009,	82,18	100	5
chr13	55623004	55623090	uc007qrv.1_5utr	+	1	0,	86	86	4
chr13	55634998	55635178	uc033gma.1_5utr	+	1	0,	180	180	9
chr13	55693123	55699075	uc007qrx.1_5utr	+	2	0,5949,	224,3	227	11
chr13	55714649	55714777	uc007qry.2_5utr	+	1	0,	128	128	6
chr13	55717838	55717919	uc056ytu.1_5utr	+	1	0,	81	81	4
chr13	55727367	55727372	uc007qrz.1_5utr	+	1	0,	5	5	0
chr13	55784578	55784661	uc011yzy.2_5utr	+	1	0,	83	83	4
chr13	55784578	55784661	uc007qsc.2_5utr	+	1	0,	83	83	4
chr13	55784578	55784661	uc007qsb.2_5utr	+	1	0,	83	83	4
chr13	55830940	55831425	uc007qsd.1_5utr	-	1	0,	485	485	24
chr13	56128448	56135550	uc007qsf.2_5utr	-	2	0,6897,	33,205	238	12
chr13	56128448	56135550	uc011zaa.1_5utr	-	2	0,6897,	33,205	238	12
chr13	56128448	56135550	uc007qsg.2_5utr	-	2	0,6897,	33,205	238	12
chr13	56128448	56135550	uc007qsh.2_5utr	-	2	0,6897,	33,205	238	12
chr13	56128448	56135550	uc007qsi.2_5utr	-	2	0,6897,	33,205	238	12
chr13	56128448	56135550	uc011yzz.1_5utr	-	2	0,6897,	33,205	238	12
chr13	56176628	56178885	uc007qsj.2_5utr	-	3	0,276,1918,	5,164,339	508	25
chr13	56176628	56178885	uc007qsk.2_5utr	-	3	0,276,1918,	5,228,339	572	29
chr13	56251932	56252163	uc007qsl.2_5utr	-	1	0,	231	231	12
chr13	56296173	56296551	uc007qsm.2_5utr	-	1	0,	378	378	19
chr13	56438354	56438489	uc007qsn.2_5utr	+	1	0,	135	135	7
chr13	56482231	56482246	uc007qso.1_5utr	-	1	0,	15	15	1
chr13	56522507	56526915	uc007qsp.1_5utr	+	4	0,1002,3134,4407,	115,94,131,1	341	17
chr13	56522507	56526915	uc007qsr.1_5utr	+	4	0,1002,3134,4407,	115,94,131,1	341	17
chr13	56522507	56523526	uc007qss.1_5utr	+	2	0,1002,	115,17	132	7
chr13	56522507	56523526	uc007qsq.1_5utr	+	2	0,1002,	115,17	132	7
chr13	56532292	56537050	uc011zac.1_5utr	+	3	0,1296,4531,	172,72,227	471	24
chr13	56548362	56548538	uc007qst.2_5utr	-	1	0,	176	176	9
chr13	56548362	56548538	uc011zad.1_5utr	-	1	0,	176	176	9
chr13	56609602	56609646	uc011zae.1_5utr	+	1	0,	44	44	2
chr13	56703009	56723593	uc007qsz.2_5utr	+	2	0,20419,	122,165	287	14
chr13	56703009	56723602	uc007qsx.2_5utr	+	2	0,20419,	122,174	296	15
chr13	56703009	56723602	uc007qsy.2_5utr	+	2	0,20419,	122,174	296	15
chr13	56703051	56723593	uc007qsw.2_5utr	+	2	0,20377,	525,165	690	34
chr13	56703667	56723593	uc007qta.2_5utr	+	2	0,19761,	145,165	310	16
chr13	56822614	56895789	uc011zag.2_5utr	-	6	0,4235,8671,38275,64724,72878,	27,124,165,183,778,297	1574	79
chr13	56895494	56895789	uc007qtb.2_5utr	-	1	0,	295	295	15
chr13	56895494	56895789	uc011zah.2_5utr	-	1	0,	295	295	15
chr13	57908191	57908332	uc007qtd.2_5utr	-	1	0,	141	141	7
chr13	57908191	57908332	uc011zaj.1_5utr	-	1	0,	141	141	7
chr13	57908191	57908332	uc011zak.1_5utr	-	1	0,	141	141	7
chr13	57908191	57908332	uc011zai.1_5utr	-	1	0,	141	141	7
chr13	57908191	57908332	uc007qte.2_5utr	-	1	0,	141	141	7
chr13	57908191	57908332	uc007qtc.2_5utr	-	1	0,	141	141	7
chr13	58128313	58128556	uc007qtf.2_5utr	-	1	0,	243	243	12
chr13	58157648	58157686	uc007qti.2_5utr	+	1	0,	38	38	2
chr13	58157648	58157686	uc007qth.2_5utr	+	1	0,	38	38	2
chr13	58180902	58181625	uc007qtj.2_5utr	-	1	0,	723	723	36
chr13	58183319	58183324	uc011zan.1_5utr	-	1	0,	5	5	0
chr13	58215436	58215653	uc007qtm.2_5utr	-	1	0,	217	217	11
chr13	58215436	58215653	uc007qtl.2_5utr	-	1	0,	217	217	11
chr13	58264157	58264734	uc007qto.1_5utr	-	1	0,	577	577	29
chr13	58264157	58274188	uc007qtn.1_5utr	-	2	0,9916,	42,115	157	8
chr13	58354633	58354862	uc011zao.1_5utr	-	1	0,	229	229	11
chr13	58385154	58385225	uc007qtr.2_5utr	-	1	0,	71	71	4
chr13	58397802	58398055	uc007qtw.2_5utr	-	1	0,	253	253	13
chr13	58400390	58403343	uc007qtv.2_5utr	-	4	0,1673,2002,2880,	27,54,120,73	274	14
chr13	58400390	58402512	uc007qts.3_5utr	-	2	0,2002,	27,120	147	7
chr13	58400390	58402512	uc007qtu.2_5utr	-	2	0,2002,	27,120	147	7
chr13	58400390	58402512	uc007qty.2_5utr	-	2	0,2002,	27,120	147	7
chr13	58400390	58402169	uc007qtt.2_5utr	-	2	0,1673,	27,106	133	7
chr13	58400390	58402117	uc007qtz.1_5utr	-	2	0,1673,	27,54	81	4
chr13	58400390	58402512	uc007qtx.2_5utr	-	2	0,2002,	27,120	147	7
chr13	58402247	58407938	uc007qua.2_5utr	+	3	0,4754,5662,	270,89,29	388	19
chr13	58402596	58407938	uc011zaq.1_5utr	+	4	0,1974,4405,5313,	193,85,89,29	396	20
chr13	58402596	58407938	uc007qub.2_5utr	+	3	0,4405,5313,	193,89,29	311	16
chr13	58405065	58407938	uc007quc.2_5utr	+	2	0,2844,	2025,29	2054	103
chr13	58610807	58610877	uc007qud.1_5utr	-	1	0,	70	70	4
chr13	58610807	58610877	uc007que.1_5utr	-	1	0,	70	70	4
chr13	58806568	58808728	uc007quh.2_5utr	+	2	0,1816,	284,344	628	31
chr13	58806568	58808728	uc007qui.2_5utr	+	2	0,1816,	284,344	628	31
chr13	58807696	58808728	uc007quj.2_5utr	+	2	0,688,	317,344	661	33
chr13	58808280	58808728	uc007quk.1_5utr	+	1	0,	448	448	22
chr13	59514200	59557347	uc007qup.2_5utr	-	9	0,10945,14186,16856,17812,18971,22048,30186,43022,	95,94,132,147,64,68,125,65,125	915	46
chr13	59514200	59556922	uc007qum.1_5utr	-	9	0,10945,14186,16856,17812,18971,22048,30186,42488,	95,94,132,147,64,68,125,65,234	1024	51
chr13	59533222	59557347	uc011zar.2_5utr	-	3	0,11164,24000,	17,65,125	207	10
chr13	59544418	59557347	uc007qur.2_5utr	-	2	0,12804,	33,125	158	8
chr13	59544418	59557347	uc007qun.2_5utr	-	2	0,12804,	33,125	158	8
chr13	59544418	59557347	uc007qus.2_5utr	-	2	0,12804,	33,125	158	8
chr13	59544418	59557347	uc007quq.2_5utr	-	2	0,12679,	33,250	283	14
chr13	59544418	59544451	uc033gmf.1_5utr	-	1	0,	33	33	2
chr13	59585332	59586157	uc007quu.2_5utr	+	2	0,820,	127,5	132	7
chr13	59609267	59609508	uc007quv.1_5utr	+	1	0,	241	241	12
chr13	59665655	59675784	uc007quw.1_5utr	-	3	0,9305,10071,	21,136,58	215	11
chr13	59665655	59675784	uc007qux.1_5utr	-	2	0,10071,	21,58	79	4
chr13	59691629	59694101	uc007quy.1_5utr	-	3	0,1755,2407,	27,182,65	274	14
chr13	59703229	59706197	uc011zas.1_5utr	-	3	0,1816,2735,	793,43,233	1069	53
chr13	59706150	59706197	uc007quz.1_5utr	-	1	0,	47	47	2
chr13	59712283	59712314	uc007qva.1_5utr	+	1	0,	31	31	2
chr13	59731720	59731752	uc007qvb.1_5utr	-	1	0,	32	32	2
chr13	59769704	59769789	uc007qvd.1_5utr	-	1	0,	85	85	4
chr13	59769704	59769753	uc056ytx.1_5utr	-	1	0,	49	49	2
chr13	59808108	59809504	uc007qvf.1_5utr	-	2	0,1269,	57,127	184	9
chr13	59822079	59823133	uc007qvh.1_5utr	-	2	0,553,	31,501	532	27
chr13	59822079	59823147	uc007qvg.2_5utr	-	2	0,1001,	31,67	98	5
chr13	60176941	60177535	uc007qvi.2_5utr	-	1	0,	594	594	30
chr13	60487432	60488727	uc007qvk.1_5utr	-	3	0,600,1057,	195,73,238	506	25
chr13	60601946	60602534	uc007qvl.1_5utr	+	2	0,478,	164,110	274	14
chr13	60601946	60602534	uc007qvm.2_5utr	+	2	0,478,	164,110	274	14
chr13	60601946	60602534	uc007qvn.2_5utr	+	2	0,478,	164,110	274	14
chr13	60602210	60602534	uc007qvo.2_5utr	+	2	0,214,	49,110	159	8
chr13	60785145	60786364	uc007qvp.2_5utr	-	2	0,1143,	11,76	87	4
chr13	60799788	60799850	uc007qvq.1_5utr	-	1	0,	62	62	3
chr13	60801415	60802844	uc007qvr.1_5utr	-	2	0,1353,	10,76	86	4
chr13	60854938	60864416	uc007qvs.1_5utr	-	2	0,9383,	11,95	106	5
chr13	60896714	60897447	uc007qvu.2_5utr	-	2	0,620,	31,113	144	7
chr13	60896714	60897447	uc007qvt.2_5utr	-	2	0,620,	31,113	144	7
chr13	60902635	60904847	uc007qvw.2_5utr	-	2	0,2139,	11,73	84	4
chr13	60936044	60936566	uc007qvy.2_5utr	-	2	0,425,	31,97	128	6
chr13	60936531	60936625	uc007qvx.2_5utr	-	1	0,	94	94	5
chr13	60940688	60941935	uc007qvz.1_5utr	-	2	0,1175,	11,72	83	4
chr13	61004550	61005911	uc007qwb.1_5utr	-	2	0,1302,	11,59	70	4
chr13	61004550	61005911	uc007qwa.1_5utr	-	2	0,1302,	11,59	70	4
chr13	61037842	61038187	uc007qwc.2_5utr	-	1	0,	345	345	17
chr13	61039552	61040597	uc007qwd.2_5utr	-	2	0,1012,	8,33	41	2
chr13	61163230	61164188	uc007qwe.1_5utr	-	2	0,900,	11,58	69	3
chr13	61202265	61203392	uc007qwf.1_5utr	-	2	0,1072,	9,55	64	3
chr13	61254081	61255348	uc007qwg.2_5utr	-	2	0,1194,	11,73	84	4
chr13	61356403	61358170	uc011zat.1_5utr	-	3	0,507,1556,	218,137,211	566	28
chr13	61357036	61358170	uc007qwi.1_5utr	-	2	0,923,	11,211	222	11
chr13	61540313	61541839	uc007qwk.1_5utr	-	2	0,1437,	74,89	163	8
chr13	61540313	61541839	uc007qwj.1_5utr	-	2	0,1437,	2,89	91	5
chr13	61568820	61570127	uc007qwm.2_5utr	-	2	0,1217,	2,90	92	5
chr13	61568820	61570127	uc007qwl.2_5utr	-	2	0,1217,	77,90	167	8
chr13	62016027	62016049	uc029sbq.1_5utr	+	1	0,	22	22	1
chr13	62129889	62233349	uc007qwt.1_5utr	+	5	0,71290,73542,73864,103367,	139,206,127,61,93	626	31
chr13	62129889	62130025	uc007qws.1_5utr	+	1	0,	136	136	7
chr13	62383082	62383174	uc007qwu.2_5utr	-	1	0,	92	92	5
chr13	62466709	62466812	uc007qww.2_5utr	-	1	0,	103	103	5
chr13	62466709	62466812	uc007qwv.2_5utr	-	1	0,	103	103	5
chr13	62520451	62558599	uc007qwy.2_5utr	-	3	0,14159,38035,	93,204,113	410	20
chr13	62558489	62558599	uc007qwz.2_5utr	-	1	0,	110	110	6
chr13	62558489	62558599	uc007qxa.2_5utr	-	1	0,	110	110	6
chr13	62624040	62624182	uc007qxb.2_5utr	-	1	0,	142	142	7
chr13	62785683	62785808	uc007qxe.1_5utr	-	1	0,	125	125	6
chr13	62858297	62858370	uc007qxf.1_5utr	-	1	0,	73	73	4
chr13	62888043	62888282	uc007qxg.2_5utr	-	1	0,	239	239	12
chr13	62964892	63015166	uc007qxh.1_5utr	+	2	0,50133,	127,141	268	13
chr13	62964892	63015166	uc007qxj.2_5utr	+	2	0,50133,	127,141	268	13
chr13	62964892	63015166	uc033gmg.1_5utr	+	2	0,50133,	127,141	268	13
chr13	63014933	63015166	uc007qxi.2_5utr	+	1	0,	233	233	12
chr13	63398136	63431745	uc007qxr.2_5utr	-	3	0,2097,33313,	41,85,296	422	21
chr13	63398136	63431745	uc007qxs.1_5utr	-	3	0,2097,33313,	41,85,296	422	21
chr13	63403006	63431745	uc007qxq.2_5utr	-	2	0,28443,	32,296	328	16
chr13	63403006	63431745	uc011zax.2_5utr	-	2	0,28443,	32,296	328	16
chr13	63403006	63431745	uc007qxp.1_5utr	-	2	0,28443,	32,296	328	16
chr13	63403006	63431745	uc007qxt.1_5utr	-	2	0,28443,	32,296	328	16
chr13	63534378	63539912	uc007qxw.1_5utr	-	4	0,3103,4854,5435,	30,127,126,99	382	19
chr13	63548126	63565274	uc007qxy.1_5utr	-	3	0,15496,17073,	59,193,75	327	16
chr13	63548126	63564535	uc007qxx.1_5utr	-	3	0,15496,16331,	59,193,78	330	16
chr13	63815319	63815474	uc007qye.2_5utr	+	1	0,	155	155	8
chr13	63815319	63815394	uc007qyb.2_5utr	+	1	0,	75	75	4
chr13	63815319	63815474	uc007qyc.2_5utr	+	1	0,	155	155	8
chr13	63870508	63870715	uc007qyd.2_5utr	+	1	0,	207	207	10
chr13	64089128	64089201	uc007qyf.1_5utr	-	1	0,	73	73	4
chr13	64129236	64129330	uc007qyh.1_5utr	-	1	0,	94	94	5
chr13	64129307	64129330	uc007qyg.1_5utr	-	1	0,	23	23	1
chr13	64129307	64129330	uc007qyi.1_5utr	-	1	0,	23	23	1
chr13	64152989	64153199	uc007qyj.1_5utr	-	1	0,	210	210	10
chr13	64152989	64153199	uc007qyk.1_5utr	-	1	0,	210	210	10
chr13	64152989	64153270	uc056yua.1_5utr	-	1	0,	281	281	14
chr13	64161865	64161985	uc011zaz.1_5utr	+	1	0,	120	120	6
chr13	64209177	64209204	uc007qyn.2_5utr	-	1	0,	27	27	1
chr13	64248453	64248538	uc007qyo.2_5utr	-	1	0,	85	85	4
chr13	64274750	64274988	uc007qyr.2_5utr	-	1	0,	238	238	12
chr13	64274750	64274988	uc007qyp.2_5utr	-	1	0,	238	238	12
chr13	64274750	64274988	uc007qym.2_5utr	-	1	0,	238	238	12
chr13	64312684	64312710	uc007qyt.1_5utr	-	1	0,	26	26	1
chr13	64312684	64312710	uc007qyu.1_5utr	-	1	0,	26	26	1
chr13	64312684	64312710	uc007qyv.1_5utr	-	1	0,	26	26	1
chr13	64369153	64370306	uc007qyw.1_5utr	-	2	0,1082,	11,71	82	4
chr13	64432552	64432595	uc007qyx.1_5utr	+	1	0,	43	43	2
chr13	64486000	64497792	uc011zbb.1_5utr	-	2	0,11452,	2,340	342	17
chr13	64758294	64758461	uc007qyy.1_5utr	-	1	0,	167	167	8
chr13	64903840	64903888	uc007qyz.1_5utr	-	1	0,	48	48	2
chr13	64917405	64917482	uc007qza.2_5utr	+	1	0,	77	77	4
chr13	65033057	65033088	uc007qzb.1_5utr	+	1	0,	31	31	2
chr13	65112617	65112982	uc007qzc.1_5utr	-	2	0,138,	41,227	268	13
chr13	65112617	65112982	uc007qzd.1_5utr	-	1	0,	365	365	18
chr13	65199442	65205716	uc007qzf.1_5utr	-	2	0,6177,	28,97	125	6
chr13	65199442	65205968	uc007qzh.1_5utr	-	3	0,6177,6496,	28,97,30	155	8
chr13	65199442	65205924	uc007qzg.1_5utr	-	3	0,6177,6372,	28,97,110	235	12
chr13	65278853	65278971	uc007qzj.1_5utr	+	1	0,	118	118	6
chr13	65278853	65278971	uc007qzi.1_5utr	+	1	0,	118	118	6
chr13	66113452	66113557	uc011zbc.1_5utr	+	1	0,	105	105	5
chr13	66441022	66441118	uc056yub.1_5utr	-	1	0,	96	96	5
chr13	66441022	66441118	uc007qzq.1_5utr	-	1	0,	96	96	5
chr13	66698160	66698234	uc007qzs.1_5utr	-	1	0,	74	74	4
chr13	66905311	66905350	uc007qzu.1_5utr	-	1	0,	39	39	2
chr13	66905414	66907944	uc011zbd.1_5utr	+	3	0,1736,2466,	207,159,64	430	22
chr13	66917124	66933072	uc007qzx.2_5utr	-	5	0,5631,11045,12760,15810,	49,190,118,339,138	834	42
chr13	66930203	66933072	uc007qzw.2_5utr	-	2	0,2731,	20,138	158	8
chr13	66930203	66933072	uc007qzy.2_5utr	-	2	0,2731,	20,138	158	8
chr13	66932829	66966398	uc007raa.1_5utr	+	6	0,20690,23552,30483,31244,33560,	857,45,125,159,135,9	1330	66
chr13	66932829	66933507	uc007qzz.1_5utr	+	1	0,	678	678	34
chr13	67061068	67061170	uc007rab.2_5utr	-	1	0,	102	102	5
chr13	67074866	67081545	uc011zbe.1_5utr	-	2	0,6583,	50,96	146	7
chr13	67081455	67081545	uc007rac.1_5utr	-	1	0,	90	90	4
chr13	67097834	67099047	uc007rae.1_5utr	-	1	0,	1213	1213	61
chr13	67097834	67099047	uc007rad.1_5utr	-	1	0,	1213	1213	61
chr13	67113981	67114028	uc029sby.1_5utr	-	1	0,	47	47	2
chr13	67128227	67128308	uc007rah.1_5utr	+	1	0,	81	81	4
chr13	67173181	67173217	uc007rai.1_5utr	+	1	0,	36	36	2
chr13	67173198	67176450	uc007raj.1_5utr	+	2	0,3249,	110,3	113	6
chr13	67194505	67194588	uc007rak.1_5utr	+	1	0,	83	83	4
chr13	67194505	67199210	uc011zbf.1_5utr	+	2	0,4643,	89,62	151	8
chr13	67260240	67278466	uc007ram.1_5utr	-	2	0,18188,	3,38	41	2
chr13	67269036	67269068	uc007ral.1_5utr	-	1	0,	32	32	2
chr13	67306355	67306412	uc007ran.1_5utr	-	1	0,	57	57	3
chr13	67332472	67332560	uc007rao.1_5utr	-	1	0,	88	88	4
chr13	67360509	67360572	uc007raq.1_5utr	-	1	0,	63	63	3
chr13	67372874	67375763	uc007rar.1_5utr	-	2	0,2815,	3,74	77	4
chr13	67390828	67399767	uc011zbi.2_5utr	-	5	0,3235,5215,5801,8867,	236,83,96,127,72	614	31
chr13	67399731	67399767	uc007ras.2_5utr	-	1	0,	36	36	2
chr13	67413957	67421418	uc007rat.2_5utr	-	2	0,7384,	3,77	80	4
chr13	67443275	67451624	uc011zbj.1_5utr	-	4	0,5433,6074,8236,	59,208,127,113	507	25
chr13	67451517	67451624	uc007rav.2_5utr	-	1	0,	107	107	5
chr13	67484146	67484253	uc007raw.1_5utr	-	1	0,	107	107	5
chr13	67494726	67526231	uc007raz.2_5utr	-	4	0,25899,26466,31350,	3,96,127,155	381	19
chr13	67494726	67500501	uc007rax.2_5utr	-	2	0,5684,	3,91	94	5
chr13	67494726	67500522	uc007ray.2_5utr	-	2	0,5644,	3,152	155	8
chr13	67526082	67526231	uc007rba.2_5utr	-	1	0,	149	149	7
chr13	67553036	67553152	uc007rbb.2_5utr	-	1	0,	116	116	6
chr13	67593100	67609707	uc007rbg.2_5utr	-	2	0,16472,	815,135	950	48
chr13	67609578	67609707	uc007rbf.2_5utr	-	1	0,	129	129	6
chr13	67637682	67637753	uc007rbh.1_5utr	-	1	0,	71	71	4
chr13	67683438	67683512	uc007rbi.2_5utr	-	1	0,	74	74	4
chr13	67729066	67729173	uc007rbk.2_5utr	-	1	0,	107	107	5
chr13	67755068	67755134	uc007rbm.1_5utr	-	1	0,	66	66	3
chr13	67779692	67779813	uc007rbn.2_5utr	+	1	0,	121	121	6
chr13	67813815	67822333	uc007rbq.2_5utr	+	2	0,8468,	81,50	131	7
chr13	67813815	67813890	uc007rbr.2_5utr	+	1	0,	75	75	4
chr13	67863325	67863505	uc007rbt.2_5utr	+	1	0,	180	180	9
chr13	67949750	67951818	uc007rbu.1_5utr	+	3	0,1334,2045,	104,68,23	195	10
chr13	67965482	67967550	uc007rbv.1_5utr	+	3	0,1334,2045,	104,68,23	195	10
chr13	67981214	67983282	uc007rbw.1_5utr	+	3	0,1334,2045,	104,68,23	195	10
chr13	68354743	68356825	uc007rbx.1_5utr	-	3	0,680,1978,	23,68,104	195	10
chr13	68580679	68582121	uc007rby.1_5utr	-	2	0,1385,	36,57	93	5
chr13	68582247	68583561	uc007rca.1_5utr	+	2	0,1291,	103,23	126	6
chr13	68597438	68597475	uc007rcd.2_5utr	+	1	0,	37	37	2
chr13	68999295	68999541	uc007rcf.1_5utr	-	1	0,	246	246	12
chr13	69515869	69533864	uc007rch.2_5utr	-	2	0,17618,	34,377	411	21
chr13	69515869	69533864	uc007rci.2_5utr	-	2	0,17618,	34,377	411	21
chr13	69543979	69544023	uc007rcj.1_5utr	-	1	0,	44	44	2
chr13	69611247	69611463	uc007rck.1_5utr	-	1	0,	216	216	11
chr13	69611247	69611463	uc007rcl.1_5utr	-	1	0,	216	216	11
chr13	69612015	69612092	uc007rcm.3_5utr	+	1	0,	77	77	4
chr13	69612243	69612402	uc007rcn.2_5utr	+	1	0,	159	159	8
chr13	69739340	69739897	uc007rcp.2_5utr	-	1	0,	557	557	28
chr13	69809881	69809930	uc007rcq.1_5utr	+	1	0,	49	49	2
chr13	70606813	70637634	uc007rcx.2_5utr	-	12	0,1496,1962,3720,8119,8260,8520,10283,12171,16273,17594,30703,	63,243,401,87,57,40,83,38,1785,871,59,118	3845	192
chr13	70637597	70637634	uc033gmk.1_5utr	-	1	0,	37	37	2
chr13	70841549	70841808	uc007rda.1_5utr	-	1	0,	259	259	13
chr13	70841549	70841810	uc007rcz.1_5utr	-	1	0,	261	261	13
chr13	70882947	70883475	uc029scc.1_5utr	+	2	0,451,	99,77	176	9
chr13	71963488	71963723	uc007rdd.1_5utr	-	1	0,	235	235	12
chr13	72628977	72629061	uc007rde.1_5utr	+	1	0,	84	84	4
chr13	73260496	73264934	uc007rdf.2_5utr	+	2	0,4351,	380,87	467	23
chr13	73328446	73328482	uc007rdh.2_5utr	-	1	0,	36	36	2
chr13	73331008	73331372	uc007rdi.1_5utr	+	2	0,351,	83,13	96	5
chr13	73467382	73496182	uc007rdl.1_5utr	+	3	0,27419,28797,	135,113,3	251	13
chr13	73471750	73484269	uc007rdm.1_5utr	+	2	0,12510,	84,9	93	5
chr13	73536746	73538515	uc007rdn.1_5utr	+	2	0,1726,	114,43	157	8
chr13	73604001	73604237	uc007rdo.2_5utr	+	1	0,	236	236	12
chr13	73627000	73628310	uc007rdr.1_5utr	+	3	0,350,1147,	248,288,163	699	35
chr13	73627000	73627029	uc007rdp.1_5utr	+	1	0,	29	29	1
chr13	73627000	73627029	uc007rdq.1_5utr	+	1	0,	29	29	1
chr13	73627000	73634222	uc011zbo.1_5utr	+	4	0,350,1147,7151,	248,288,334,71	941	47
chr13	73636356	73636395	uc011zbq.1_5utr	+	1	0,	39	39	2
chr13	73636356	73636456	uc011zbp.1_5utr	+	1	0,	100	100	5
chr13	73677929	73678023	uc007rdt.2_5utr	-	1	0,	94	94	5
chr13	73677929	73678023	uc007rdv.2_5utr	-	1	0,	94	94	5
chr13	73677929	73678023	uc007rdx.2_5utr	-	1	0,	94	94	5
chr13	73677929	73678023	uc007rds.2_5utr	-	1	0,	94	94	5
chr13	73677929	73678023	uc007rdw.2_5utr	-	1	0,	94	94	5
chr13	73677929	73678023	uc007rdu.2_5utr	-	1	0,	94	94	5
chr13	73699825	73700035	uc007rdz.2_5utr	+	1	0,	210	210	10
chr13	73700633	73700695	uc007rdy.1_5utr	-	1	0,	62	62	3
chr13	73733093	73733126	uc007rea.1_5utr	+	1	0,	33	33	2
chr13	73763696	73763766	uc007rec.1_5utr	+	1	0,	70	70	4
chr13	73763696	73763766	uc007red.1_5utr	+	1	0,	70	70	4
chr13	73763696	73763766	uc007reb.1_5utr	+	1	0,	70	70	4
chr13	73804608	73805428	uc007ree.1_5utr	+	1	0,	820	820	41
chr13	73847427	73847631	uc007reg.2_5utr	-	1	0,	204	204	10
chr13	73847427	73847631	uc007ref.2_5utr	-	1	0,	204	204	10
chr13	73847427	73847631	uc007reh.2_5utr	-	1	0,	204	204	10
chr13	73920413	73921236	uc011zbt.1_5utr	-	2	0,759,	35,64	99	5
chr13	73937581	73937767	uc007rei.1_5utr	-	1	0,	186	186	9
chr13	73937837	73937893	uc007rej.1_5utr	+	1	0,	56	56	3
chr13	73937837	73940724	uc007rel.1_5utr	+	3	0,596,1027,	108,215,1860	2183	109
chr13	73937837	73937893	uc007rek.1_5utr	+	1	0,	56	56	3
chr13	73943895	73944714	uc007rem.1_5utr	+	1	0,	819	819	41
chr13	73963861	73963920	uc007ren.1_5utr	+	1	0,	59	59	3
chr13	74009418	74021142	uc007reo.2_5utr	+	2	0,11720,	91,4	95	5
chr13	74051451	74051586	uc007rep.2_5utr	-	1	0,	135	135	7
chr13	74062262	74062285	uc007rer.2_5utr	-	1	0,	23	23	1
chr13	74062262	74062285	uc007req.2_5utr	-	1	0,	23	23	1
chr13	74164163	74164241	uc007ret.1_5utr	+	1	0,	78	78	4
chr13	74207080	74208700	uc007reu.1_5utr	-	2	0,1577,	17,43	60	3
chr13	74229938	74292309	uc007rew.1_5utr	-	4	0,27533,53098,62292,	39,98,73,79	289	14
chr13	74229938	74257569	uc007rex.1_5utr	-	2	0,27533,	39,98	137	7
chr13	74283101	74292309	uc007rev.1_5utr	-	2	0,9129,	8,79	87	4
chr13	74317207	74317326	uc007rey.2_5utr	-	1	0,	119	119	6
chr13	74317207	74317326	uc007rez.2_5utr	-	1	0,	119	119	6
chr13	74350208	74350240	uc007rfa.1_5utr	-	1	0,	32	32	2
chr13	74350316	74352865	uc007rfc.2_5utr	+	2	0,2539,	92,10	102	5
chr13	74350316	74352865	uc007rfb.2_5utr	+	2	0,2545,	92,4	96	5
chr13	74350316	74352865	uc007rfd.2_5utr	+	2	0,2539,	92,10	102	5
chr13	74363959	74364000	uc007rfe.1_5utr	-	1	0,	41	41	2
chr13	74376469	74376566	uc007rff.1_5utr	-	1	0,	97	97	5
chr13	74482850	74493950	uc007rfh.1_5utr	-	3	0,1048,10999,	142,124,101	367	18
chr13	74493852	74493950	uc007rfg.1_5utr	-	1	0,	98	98	5
chr13	74639871	74646223	uc007rfj.1_5utr	+	2	0,6299,	22,53	75	4
chr13	74639871	74646223	uc007rfi.1_5utr	+	2	0,6299,	22,53	75	4
chr13	74734177	74734261	uc007rfl.2_5utr	-	1	0,	84	84	4
chr13	74734177	74734261	uc007rfm.2_5utr	-	1	0,	84	84	4
chr13	74734177	74734261	uc007rfk.2_5utr	-	1	0,	84	84	4
chr13	74754331	74770736	uc011zbx.2_5utr	-	2	0,16214,	39,191	230	12
chr13	74754331	74770736	uc007rfo.2_5utr	-	2	0,16214,	39,191	230	12
chr13	74754331	74770736	uc007rfn.2_5utr	-	2	0,16214,	39,191	230	12
chr13	74768742	74768885	uc011zby.2_5utr	-	1	0,	143	143	7
chr13	74807848	74807960	uc007rfp.2_5utr	-	1	0,	112	112	6
chr13	74808510	74808760	uc007rfq.2_5utr	-	1	0,	250	250	12
chr13	75089986	75090061	uc007rfs.1_5utr	+	1	0,	75	75	4
chr13	75089986	75090061	uc007rfr.1_5utr	+	1	0,	75	75	4
chr13	75707483	75707650	uc007rfu.1_5utr	+	1	0,	167	167	8
chr13	75707483	75756375	uc007rfv.1_5utr	+	5	0,17469,38808,42441,48791,	314,48,122,160,101	745	37
chr13	75761877	75763583	uc007rfw.1_5utr	+	3	0,267,1670,	125,85,36	246	12
chr13	75839885	75839968	uc007rfx.2_5utr	+	1	0,	83	83	4
chr13	75877522	75877539	uc011zca.1_5utr	-	1	0,	17	17	1
chr13	75943532	75943824	uc007rfz.1_5utr	-	1	0,	292	292	15
chr13	75943532	75943824	uc007rfy.1_5utr	-	1	0,	292	292	15
chr13	75967738	75967833	uc007rgb.1_5utr	+	1	0,	95	95	5
chr13	76008285	76018712	uc011zcb.1_5utr	-	2	0,10372,	1,55	56	3
chr13	76008285	76018606	uc007rge.2_5utr	-	2	0,9729,	1,592	593	30
chr13	76008285	76018562	uc007rgd.1_5utr	-	2	0,9235,	1,1042	1043	52
chr13	76056824	76056996	uc007rgg.1_5utr	-	1	0,	172	172	9
chr13	76098508	76098660	uc007rgj.1_5utr	-	1	0,	152	152	8
chr13	76098508	76098660	uc007rgh.1_5utr	-	1	0,	152	152	8
chr13	76098733	76108193	uc007rgk.1_5utr	+	5	0,637,5971,7496,9459,	96,70,64,149,1	380	19
chr13	76131207	76131313	uc007rgl.1_5utr	+	1	0,	106	106	5
chr13	76384960	76641765	uc007rgn.1_5utr	+	2	0,256751,	291,54	345	17
chr13	76579673	76579760	uc007rgo.1_5utr	+	1	0,	87	87	4
chr13	76579673	76579760	uc007rgp.1_5utr	+	1	0,	87	87	4
chr13	76723667	76757087	uc007rgq.1_5utr	+	3	0,17626,33318,	112,60,102	274	14
chr13	76825445	76891530	uc007rgr.1_5utr	+	3	0,2236,66049,	352,120,36	508	25
chr13	77135352	77135468	uc007rgv.2_5utr	-	1	0,	116	116	6
chr13	77135352	77135468	uc007rgs.2_5utr	-	1	0,	116	116	6
chr13	77135352	77135468	uc007rgu.2_5utr	-	1	0,	116	116	6
chr13	77135535	77174853	uc007rgw.1_5utr	+	2	0,39317,	95,1	96	5
chr13	77135535	77174853	uc007rgx.2_5utr	+	2	0,39317,	95,1	96	5
chr13	77708689	77742780	uc011zcc.1_5utr	+	2	0,34073,	164,18	182	9
chr13	77708689	77834584	uc007rgy.2_5utr	+	6	0,50738,53148,93765,116633,125820,	164,102,101,49,66,75	557	28
chr13	77708689	77759459	uc007rgz.2_5utr	+	2	0,50738,	164,32	196	10
chr13	77708689	77759459	uc007rha.2_5utr	+	2	0,50738,	164,32	196	10
chr13	78024901	78024940	uc011zcd.1_5utr	+	1	0,	39	39	2
chr13	78198573	78198982	uc007rhe.2_5utr	-	1	0,	409	409	20
chr13	80883421	80883649	uc007rhh.1_5utr	+	1	0,	228	228	11
chr13	80883421	80883649	uc007rhi.2_5utr	+	1	0,	228	228	11
chr13	81430318	81444578	uc011zcf.1_5utr	-	8	0,3106,5241,7150,9094,9729,12147,14027,	281,474,150,237,220,196,149,233	1940	97
chr13	81528701	81533381	uc007rho.1_5utr	-	3	0,2865,4309,	357,140,371	868	43
chr13	81570565	81570640	uc007rhp.1_5utr	-	1	0,	75	75	4
chr13	81584061	81584856	uc007rhq.1_5utr	-	1	0,	795	795	40
chr13	81595356	81633144	uc007rht.1_5utr	-	2	0,37650,	2,138	140	7
chr13	81595356	81633144	uc007rhu.1_5utr	-	2	0,37650,	2,138	140	7
chr13	81595356	81633144	uc007rhs.1_5utr	-	2	0,37650,	2,138	140	7
chr13	81633028	81633144	uc007rhn.1_5utr	-	1	0,	116	116	6
chr13	81657805	81665014	uc007rhw.1_5utr	+	2	0,7199,	131,10	141	7
chr13	81657805	81665014	uc007rhv.1_5utr	+	2	0,7199,	131,10	141	7
chr13	81687153	81687285	uc007rhx.1_5utr	-	1	0,	132	132	7
chr13	81699860	81711013	uc007rhz.1_5utr	-	2	0,10997,	33,156	189	9
chr13	81699860	81711013	uc007rhy.1_5utr	-	2	0,10997,	33,156	189	9
chr13	81711174	81711311	uc056yuk.1_5utr	-	1	0,	137	137	7
chr13	81711416	81711528	uc007ria.1_5utr	+	1	0,	112	112	6
chr13	81711529	81749998	uc007rib.1_5utr	+	2	0,38431,	290,38	328	16
chr13	81783291	81783340	uc007rid.1_5utr	+	1	0,	49	49	2
chr13	81783703	81783769	uc007ric.1_5utr	-	1	0,	66	66	3
chr13	83504033	83575676	uc007rie.2_5utr	+	3	0,16351,71504,	343,96,139	578	29
chr13	83504033	83575676	uc007rik.2_5utr	+	3	0,16351,71504,	343,96,139	578	29
chr13	83524853	83575676	uc007rif.1_5utr	+	2	0,50684,	227,139	366	18
chr13	83524853	83575676	uc007rij.3_5utr	+	2	0,50684,	227,139	366	18
chr13	83573617	83575676	uc007rih.2_5utr	+	2	0,1917,	157,142	299	15
chr13	83573617	83575676	uc007rii.3_5utr	+	2	0,1917,	157,142	299	15
chr13	84222295	84222431	uc007rip.2_5utr	+	1	0,	136	136	7
chr13	84222295	84282810	uc007rir.2_5utr	+	5	0,35465,37847,49875,60453,	139,84,98,157,62	540	27
chr13	85189476	85189535	uc007ris.1_5utr	+	1	0,	59	59	3
chr13	85189476	85189535	uc007riu.1_5utr	+	1	0,	59	59	3
chr13	85189476	85189535	uc007rit.1_5utr	+	1	0,	59	59	3
chr13	85190753	85190858	uc007riv.1_5utr	+	1	0,	105	105	5
chr13	85288907	85289486	uc007rix.2_5utr	-	1	0,	579	579	29
chr13	86046675	86046795	uc007riy.1_5utr	-	1	0,	120	120	6
chr13	88821471	88821981	uc007rjb.2_5utr	+	1	0,	510	510	26
chr13	88821471	88821981	uc007riz.2_5utr	+	1	0,	510	510	26
chr13	88821471	88821981	uc007rjd.2_5utr	+	1	0,	510	510	26
chr13	88821471	88821981	uc007rja.2_5utr	+	1	0,	510	510	26
chr13	88821471	88821981	uc007rjc.2_5utr	+	1	0,	510	510	26
chr13	88821471	88821981	uc007rje.2_5utr	+	1	0,	510	510	26
chr13	89540635	89584721	uc007rjf.2_5utr	+	2	0,44062,	277,24	301	15
chr13	89721654	89721971	uc007rjj.2_5utr	-	2	0,117,	40,200	240	12
chr13	89731528	89742512	uc007rji.2_5utr	-	2	0,10544,	6,440	446	22
chr13	89731528	89742512	uc007rjh.1_5utr	-	2	0,10544,	6,440	446	22
chr13	89731528	89742512	uc007rjg.1_5utr	-	2	0,10544,	6,440	446	22
chr13	89731528	89742512	uc007rjk.2_5utr	-	2	0,10544,	6,440	446	22
chr13	89731528	89742512	uc011zck.1_5utr	-	2	0,10544,	6,440	446	22
chr13	90071679	90089608	uc007rjn.2_5utr	-	2	0,17817,	10,112	122	6
chr13	90089666	90089780	uc007rjo.2_5utr	+	1	0,	114	114	6
chr13	90905292	90905355	uc011zcl.1_5utr	-	1	0,	63	63	3
chr13	90923121	90923195	uc007rjq.2_5utr	+	1	0,	74	74	4
chr13	91208422	91223987	uc007rjr.1_5utr	-	2	0,15516,	11,49	60	3
chr13	91461096	91461186	uc007rjw.2_5utr	+	1	0,	90	90	4
chr13	91461096	91461186	uc007rjt.2_5utr	+	1	0,	90	90	4
chr13	91461096	91461186	uc007rjv.2_5utr	+	1	0,	90	90	4
chr13	91461096	91461186	uc007rju.2_5utr	+	1	0,	90	90	4
chr13	91741520	91741530	uc007rka.1_5utr	+	1	0,	10	10	0
chr13	91800947	91801016	uc011zco.1_5utr	-	1	0,	69	69	3
chr13	91806134	91807696	uc007rkb.1_5utr	-	2	0,1475,	26,87	113	6
chr13	91865333	91876885	uc007rkc.1_5utr	-	2	0,11488,	20,64	84	4
chr13	91988009	91988042	uc011zcp.1_5utr	-	1	0,	33	33	2
chr13	92249886	92250073	uc007rkf.1_5utr	-	1	0,	187	187	9
chr13	92265988	92266072	uc007rkg.1_5utr	-	1	0,	84	84	4
chr13	92274848	92274917	uc007rkh.1_5utr	-	1	0,	69	69	3
chr13	92346430	92355003	uc007rkj.1_5utr	-	6	0,898,2718,4800,6794,8332,	420,117,189,130,118,241	1215	61
chr13	92354782	92355258	uc007rkl.1_5utr	+	1	0,	476	476	24
chr13	92354900	92355003	uc007rkk.1_5utr	-	1	0,	103	103	5
chr13	92354900	92355003	uc033gmq.1_5utr	-	1	0,	103	103	5
chr13	92425968	92438261	uc007rkn.2_5utr	+	5	0,1107,2801,6819,12270,	233,145,83,59,23	543	27
chr13	92426657	92438261	uc007rko.2_5utr	+	4	0,2112,6130,11581,	563,83,59,23	728	36
chr13	92468122	92484031	uc011zcs.1_5utr	-	3	0,9705,15805,	40,126,104	270	14
chr13	92483952	92484031	uc007rkp.2_5utr	-	1	0,	79	79	4
chr13	92524299	92530810	uc007rkq.2_5utr	-	2	0,6399,	39,112	151	8
chr13	92575966	92576232	uc007rkr.2_5utr	-	1	0,	266	266	13
chr13	92611137	92611260	uc007rks.1_5utr	+	1	0,	123	123	6
chr13	92611137	92611260	uc007rkt.1_5utr	+	1	0,	123	123	6
chr13	92794673	92794818	uc007rku.2_5utr	-	1	0,	145	145	7
chr13	93098362	93098473	uc007rkw.2_5utr	-	1	0,	111	111	6
chr13	93144506	93144724	uc007rky.2_5utr	-	1	0,	218	218	11
chr13	93186439	93186476	uc007rkz.1_5utr	-	1	0,	37	37	2
chr13	93186439	93192283	uc007rla.1_5utr	-	2	0,5654,	37,190	227	11
chr13	93304494	93305297	uc007rld.3_5utr	+	1	0,	803	803	40
chr13	93304494	93305297	uc007rlb.3_5utr	+	1	0,	803	803	40
chr13	93304494	93305297	uc007rlc.3_5utr	+	1	0,	803	803	40
chr13	93308033	93308307	uc007rle.3_5utr	+	1	0,	274	274	14
chr13	93464711	93464717	uc007rlg.1_5utr	-	1	0,	6	6	0
chr13	93499306	93499808	uc007rlf.2_5utr	-	1	0,	502	502	25
chr13	93637496	93637758	uc007rlj.1_5utr	-	1	0,	262	262	13
chr13	93637496	93637758	uc007rli.1_5utr	-	1	0,	262	262	13
chr13	93674270	93674302	uc007rlk.1_5utr	-	1	0,	32	32	2
chr13	93674435	93674446	uc007rll.1_5utr	+	1	0,	11	11	1
chr13	93771678	93771777	uc007rlo.1_5utr	+	1	0,	99	99	5
chr13	93771678	93771693	uc011zcv.1_5utr	+	1	0,	15	15	1
chr13	94057795	94174223	uc007rlp.1_5utr	+	3	0,62981,116227,	111,59,201	371	19
chr13	94173991	94174223	uc007rlq.1_5utr	+	1	0,	232	232	12
chr13	94233159	94285831	uc007rlt.1_5utr	-	3	0,19833,52406,	21,78,266	365	18
chr13	94233159	94246546	uc007rlr.1_5utr	-	2	0,13278,	21,109	130	6
chr13	94285276	94285281	uc007rls.1_5utr	-	1	0,	5	5	0
chr13	94358959	94359103	uc007rlv.2_5utr	+	1	0,	144	144	7
chr13	94788942	94788949	uc007rlx.1_5utr	+	1	0,	7	7	0
chr13	94875626	94875769	uc007rly.1_5utr	+	1	0,	143	143	7
chr13	94976343	94976538	uc033gmu.1_5utr	+	1	0,	195	195	10
chr13	94976343	94976538	uc033gmt.1_5utr	+	1	0,	195	195	10
chr13	95032913	95034386	uc011zcx.1_5utr	-	2	0,1255,	37,218	255	13
chr13	95222813	95223050	uc007rmf.2_5utr	-	1	0,	237	237	12
chr13	95222813	95223555	uc007rme.1_5utr	-	2	0,656,	73,86	159	8
chr13	95222813	95223050	uc007rmb.2_5utr	-	1	0,	237	237	12
chr13	95250160	95250304	uc007rmc.2_5utr	-	1	0,	144	144	7
chr13	95250160	95250304	uc007rmd.2_5utr	-	1	0,	144	144	7
chr13	95323604	95336069	uc007rmg.2_5utr	+	2	0,12451,	166,14	180	9
chr13	95324824	95336069	uc007rmh.2_5utr	+	2	0,11231,	520,14	534	27
chr13	95326766	95336069	uc056yus.1_5utr	+	2	0,9289,	178,14	192	10
chr13	95375058	95375357	uc007rmj.2_5utr	-	1	0,	299	299	15
chr13	95375058	95375357	uc007rmi.2_5utr	-	1	0,	299	299	15
chr13	95444680	95444831	uc011zcz.1_5utr	-	1	0,	151	151	8
chr13	95444680	95444831	uc007rmk.2_5utr	-	1	0,	151	151	8
chr13	95525127	95525240	uc011zda.2_5utr	-	1	0,	113	113	6
chr13	95618374	95618433	uc007rmn.1_5utr	-	1	0,	59	59	3
chr13	95673738	95683052	uc007rmp.1_5utr	-	4	0,1575,8414,9171,	18,84,171,143	416	21
chr13	95696919	95697063	uc007rmq.1_5utr	+	1	0,	144	144	7
chr13	95891709	95891922	uc007rmo.1_5utr	-	1	0,	213	213	11
chr13	95981881	95984850	uc007rms.2_5utr	-	2	0,2897,	121,72	193	10
chr13	96088799	96088900	uc007rmu.1_5utr	-	1	0,	101	101	5
chr13	96088799	96132577	uc007rmt.2_5utr	-	2	0,43648,	101,130	231	12
chr13	96388293	96391597	uc007rmw.2_5utr	+	3	0,1929,3294,	238,140,10	388	19
chr13	96388293	96391597	uc007rmv.2_5utr	+	3	0,1929,3294,	238,140,10	388	19
chr13	96424771	96435986	uc007rmx.1_5utr	-	4	0,5014,8530,11101,	57,99,99,114	369	18
chr13	96470948	96471160	uc007rmy.1_5utr	-	1	0,	212	212	11
chr13	96486811	96489791	uc007rnf.1_5utr	-	2	0,2370,	168,610	778	39
chr13	96490950	96519187	uc011zde.1_5utr	-	6	0,10568,13560,17261,25688,28078,	19,154,132,153,120,159	737	37
chr13	96519160	96542485	uc007rng.1_5utr	-	2	0,23166,	27,159	186	9
chr13	96519160	96519187	uc007rnb.1_5utr	-	1	0,	27	27	1
chr13	96519160	96542485	uc007rne.1_5utr	-	2	0,23166,	27,159	186	9
chr13	96519160	96519187	uc007rna.1_5utr	-	1	0,	27	27	1
chr13	96519160	96519187	uc011zdc.1_5utr	-	1	0,	27	27	1
chr13	96519160	96519187	uc007rnd.1_5utr	-	1	0,	27	27	1
chr13	96519160	96542485	uc007rnh.1_5utr	-	2	0,23166,	27,159	186	9
chr13	96542734	96543163	uc007rni.2_5utr	+	1	0,	429	429	21
chr13	96542734	96543163	uc007rnl.2_5utr	+	1	0,	429	429	21
chr13	96542734	96543163	uc007rnj.2_5utr	+	1	0,	429	429	21
chr13	96542734	96543163	uc007rnk.2_5utr	+	1	0,	429	429	21
chr13	96666685	96670936	uc007rnm.3_5utr	-	2	0,4125,	23,126	149	7
chr13	96666685	96666708	uc007rnn.1_5utr	-	1	0,	23	23	1
chr13	96924688	96946197	uc007rno.2_5utr	+	3	0,11191,21508,	260,117,1	378	19
chr13	97034265	97034362	uc007rnp.1_5utr	-	1	0,	97	97	5
chr13	97034265	97034362	uc007rnq.2_5utr	-	1	0,	97	97	5
chr13	97034265	97034362	uc033gmx.1_5utr	-	1	0,	97	97	5
chr13	97067286	97091820	uc011zdf.1_5utr	+	2	0,24531,	36,3	39	2
chr13	97071642	97091820	uc007rnr.2_5utr	+	2	0,20175,	69,3	72	4
chr13	97137757	97137926	uc007rns.2_5utr	-	1	0,	169	169	8
chr13	97137757	97137926	uc007rnt.2_5utr	-	1	0,	169	169	8
chr13	97137936	97141947	uc011zdi.1_5utr	+	2	0,3990,	90,21	111	6
chr13	97137936	97141947	uc007rnu.2_5utr	+	2	0,3990,	90,21	111	6
chr13	97137936	97141947	uc011zdh.1_5utr	+	2	0,3990,	123,21	144	7
chr13	97137936	97141947	uc007rnv.2_5utr	+	2	0,3990,	90,21	111	6
chr13	97137936	97141947	uc007rnx.2_5utr	+	2	0,3990,	123,21	144	7
chr13	97137936	97141947	uc011zdg.1_5utr	+	2	0,3990,	123,21	144	7
chr13	97137936	97141947	uc007rny.2_5utr	+	2	0,3990,	123,21	144	7
chr13	97160166	97163081	uc007roa.2_5utr	+	3	0,2685,2908,	1001,141,7	1149	57
chr13	97171448	97171500	uc007rob.2_5utr	+	1	0,	52	52	3
chr13	97198261	97198357	uc007roc.2_5utr	-	1	0,	96	96	5
chr13	97241104	97244983	uc007rod.2_5utr	+	2	0,3866,	425,13	438	22
chr13	97942476	97942595	uc007roj.1_5utr	-	1	0,	119	119	6
chr13	98016099	98016107	uc007rol.1_5utr	-	1	0,	8	8	0
chr13	98032516	98032679	uc007rok.1_5utr	-	1	0,	163	163	8
chr13	98145584	98206165	uc007roh.1_5utr	-	2	0,60488,	11,93	104	5
chr13	98260888	98262992	uc007rom.1_5utr	-	2	0,1986,	82,118	200	10
chr13	98263075	98266246	uc007rot.2_5utr	+	2	0,3075,	401,96	497	25
chr13	98263075	98268464	uc007roo.2_5utr	+	3	0,4240,5354,	401,159,35	595	30
chr13	98263075	98268464	uc007ros.2_5utr	+	3	0,4240,5354,	401,159,35	595	30
chr13	98263075	98266246	uc007ron.2_5utr	+	2	0,3075,	401,96	497	25
chr13	98263075	98266246	uc007rop.2_5utr	+	2	0,3075,	401,96	497	25
chr13	98263075	98268464	uc007roq.2_5utr	+	3	0,4240,5354,	401,159,35	595	30
chr13	98263075	98266246	uc007ror.2_5utr	+	2	0,3075,	401,96	497	25
chr13	98316750	98316967	uc007rou.1_5utr	-	1	0,	217	217	11
chr13	98316865	98317006	uc007rov.2_5utr	-	1	0,	141	141	7
chr13	98354244	98354619	uc009van.1_5utr	+	1	0,	375	375	19
chr13	98637320	98637410	uc011zdk.1_5utr	-	1	0,	90	90	4
chr13	98692640	98694831	uc007roy.1_5utr	-	2	0,2165,	77,26	103	5
chr13	98732163	98735780	uc007roz.2_5utr	-	3	0,354,2855,	46,156,762	964	48
chr13	98732163	98749320	uc007rpa.2_5utr	-	6	0,354,2855,11247,13637,16052,	46,156,112,130,104,1105	1653	83
chr13	98815108	98815449	uc011zdl.2_5utr	-	1	0,	341	341	17
chr13	98815108	98815449	uc033gnc.1_5utr	-	1	0,	341	341	17
chr13	98870266	98870321	uc007rpg.1_5utr	-	1	0,	55	55	3
chr13	98890781	98891042	uc007rpe.1_5utr	-	2	0,133,	9,128	137	7
chr13	98890781	98890998	uc007rpd.1_5utr	-	2	0,145,	9,72	81	4
chr13	98926265	98926384	uc007rpf.1_5utr	-	1	0,	119	119	6
chr13	98926265	98926384	uc007rph.1_5utr	-	1	0,	119	119	6
chr13	98984516	98984565	uc011zdm.1_5utr	-	1	0,	49	49	2
chr13	99184822	99228332	uc007rpl.1_5utr	+	2	0,43496,	42,14	56	3
chr13	99344669	99344678	uc007rpm.1_5utr	-	1	0,	9	9	0
chr13	99344785	99344802	uc007rpn.1_5utr	+	1	0,	17	17	1
chr13	99441765	99444467	uc007rps.1_5utr	-	2	0,2448,	9,254	263	13
chr13	99516487	99516602	uc007rpr.2_5utr	-	1	0,	115	115	6
chr13	99516487	99516602	uc007rpt.2_5utr	-	1	0,	115	115	6
chr13	99900634	99900683	uc007rpx.2_5utr	-	1	0,	49	49	2
chr13	99900634	99900683	uc007rpw.2_5utr	-	1	0,	49	49	2
chr13	99954766	99961050	uc007rpy.1_5utr	-	2	0,6133,	5,151	156	8
chr13	99967839	99971843	uc011zdn.1_5utr	-	2	0,3939,	94,65	159	8
chr13	99975281	99975314	uc007rqa.1_5utr	-	1	0,	33	33	2
chr13	100015514	100015639	uc007rpz.1_5utr	-	1	0,	125	125	6
chr13	100035163	100037937	uc007rqd.1_5utr	-	3	0,615,2596,	107,61,178	346	17
chr13	100041566	100042285	uc007rqb.1_5utr	-	2	0,493,	16,226	242	12
chr13	100046827	100056340	uc011zdo.1_5utr	-	7	0,3032,4117,4520,6145,8268,9331,	12,170,185,208,146,208,182	1111	56
chr13	100103838	100104070	uc007rqc.1_5utr	-	1	0,	232	232	12
chr13	100108018	100108222	uc007rqf.2_5utr	+	1	0,	204	204	10
chr13	100123204	100128331	uc029scw.1_5utr	+	5	0,3384,3665,4600,5010,	177,70,120,201,117	685	34
chr13	100124854	100124893	uc007rqg.1_5utr	+	1	0,	39	39	2
chr13	100124854	100124893	uc007rqh.1_5utr	+	1	0,	39	39	2
chr13	100189398	100202122	uc007rqj.2_5utr	-	3	0,7684,12557,	4,42,167	213	11
chr13	100189398	100197124	uc011zdq.1_5utr	-	2	0,7684,	4,42	46	2
chr13	100189398	100202122	uc007rqk.2_5utr	-	3	0,7684,12628,	4,42,96	142	7
chr13	100246055	100247293	uc011zdr.1_5utr	-	2	0,1121,	78,117	195	10
chr13	100246199	100247336	uc007rqm.1_5utr	-	2	0,1048,	124,89	213	11
chr13	100246199	100247336	uc007rql.1_5utr	-	2	0,1048,	124,89	213	11
chr13	100300759	100300851	uc011zdu.1_5utr	-	1	0,	92	92	5
chr13	100300759	100316675	uc011zds.1_5utr	-	10	0,575,1424,1909,2476,3589,6267,7439,14675,15224,	92,58,82,81,100,120,52,82,100,692	1459	73
chr13	100316551	100316675	uc007rqn.1_5utr	-	1	0,	124	124	6
chr13	100316551	100316675	uc007rqo.1_5utr	-	1	0,	124	124	6
chr13	100316551	100317688	uc011zdt.1_5utr	-	2	0,1062,	124,75	199	10
chr13	100427989	100446511	uc011zdv.1_5utr	-	9	0,1179,4410,5213,8433,9310,15629,16180,18316,	25,82,100,120,52,82,100,571,206	1338	67
chr13	100444737	100446511	uc007rqr.1_5utr	-	2	0,1568,	3,206	209	10
chr13	100444737	100452864	uc011zdw.1_5utr	-	3	0,1568,8060,	3,42,67	112	6
chr13	100444737	100452864	uc007rqs.1_5utr	-	3	0,1568,8060,	3,42,67	112	6
chr13	100482999	100492374	uc007rqu.2_5utr	-	7	0,3071,5849,6136,6483,7076,9243,	44,454,87,37,78,89,132	921	46
chr13	100490131	100492374	uc007rqw.1_5utr	-	2	0,2111,	33,132	165	8
chr13	100490131	100492609	uc007rqx.2_5utr	-	2	0,2325,	33,153	186	9
chr13	100490131	100492609	uc007rqv.2_5utr	-	2	0,2325,	33,153	186	9
chr13	100535100	100552623	uc011zdy.1_5utr	-	2	0,17463,	24,60	84	4
chr13	100541117	100552623	uc007rqz.1_5utr	-	2	0,11446,	67,60	127	6
chr13	100541117	100552481	uc011zdx.1_5utr	-	2	0,11254,	67,110	177	9
chr13	100541117	100552498	uc007rqy.1_5utr	-	2	0,11269,	67,112	179	9
chr13	100612569	100616971	uc007rrb.2_5utr	-	2	0,4356,	15,46	61	3
chr13	100612569	100616944	uc007rra.2_5utr	-	2	0,4035,	15,340	355	18
chr13	100616910	100616944	uc011zdz.1_5utr	-	1	0,	34	34	2
chr13	100633910	100651061	uc007rre.2_5utr	-	7	0,3031,3742,9609,11080,15767,17039,	89,157,205,84,255,104,112	1006	50
chr13	100649719	100651061	uc007rrc.2_5utr	-	2	0,1230,	62,112	174	9
chr13	100649719	100651061	uc007rrd.2_5utr	-	2	0,1102,	62,240	302	15
chr13	100651342	100655050	uc007rrf.2_5utr	+	3	0,2848,3691,	103,93,17	213	11
chr13	100651342	100651417	uc007rrg.3_5utr	+	1	0,	75	75	4
chr13	100651606	100655050	uc007rrh.1_5utr	+	3	0,2584,3427,	111,93,17	221	11
chr13	100651606	100655050	uc007rri.1_5utr	+	2	0,2584,	111,860	971	49
chr13	100669480	100677913	uc011zea.1_5utr	+	2	0,8423,	371,10	381	19
chr13	100669480	100677913	uc007rrj.2_5utr	+	2	0,8423,	371,10	381	19
chr13	100730839	100730942	uc011zeb.1_5utr	-	1	0,	103	103	5
chr13	100730839	100730942	uc007rrk.2_5utr	-	1	0,	103	103	5
chr13	100744568	100744659	uc007rrl.2_5utr	-	1	0,	91	91	5
chr13	100744568	100744659	uc007rrm.2_5utr	-	1	0,	91	91	5
chr13	100775802	100775899	uc007rrn.1_5utr	-	1	0,	97	97	5
chr13	100786402	100786486	uc007rrp.1_5utr	-	1	0,	84	84	4
chr13	100786402	100786486	uc007rro.1_5utr	-	1	0,	84	84	4
chr13	100812706	100814766	uc007rrq.1_5utr	-	4	0,758,976,1889,	99,42,289,171	601	30
chr13	100833177	100833427	uc007rrr.1_5utr	-	1	0,	250	250	12
chr13	100833177	100833427	uc011zec.1_5utr	-	1	0,	250	250	12
chr13	101692288	101692630	uc007rrs.3_5utr	-	1	0,	342	342	17
chr13	101694391	101694599	uc007rru.1_5utr	-	1	0,	208	208	10
chr13	101757659	101768217	uc007rrv.1_5utr	-	2	0,10317,	380,241	621	31
chr13	101757659	101768217	uc007rrt.3_5utr	-	2	0,10317,	380,241	621	31
chr13	102693557	102693699	uc007rrx.1_5utr	+	1	0,	142	142	7
chr13	102693557	102693699	uc007rry.1_5utr	+	1	0,	142	142	7
chr13	102770839	102771069	uc007rsd.1_5utr	-	1	0,	230	230	12
chr13	102783410	102787449	uc007rsa.1_5utr	-	2	0,3906,	2,133	135	7
chr13	103334192	103334492	uc007rsf.2_5utr	-	1	0,	300	300	15
chr13	103334192	103334492	uc007rse.2_5utr	-	1	0,	300	300	15
chr13	103334192	103334492	uc007rsb.2_5utr	-	1	0,	300	300	15
chr13	103763953	103764582	uc007rsh.1_5utr	-	1	0,	629	629	31
chr13	103763953	103769450	uc007rsi.1_5utr	-	4	0,342,4104,5363,	53,124,165,134	476	24
chr13	103774459	103774608	uc007rsj.1_5utr	-	1	0,	149	149	7
chr13	103886329	103920586	uc007rsk.3_5utr	-	3	0,2908,33916,	9,48,341	398	20
chr13	103886329	103920586	uc011zed.2_5utr	-	3	0,2908,33916,	9,48,341	398	20
chr13	103886329	103920586	uc007rsl.2_5utr	-	3	0,2908,33916,	9,48,341	398	20
chr13	103886329	103920586	uc007rsn.2_5utr	-	3	0,2908,33916,	9,48,341	398	20
chr13	103886329	103920586	uc011zee.2_5utr	-	3	0,2908,33916,	9,48,341	398	20
chr13	103886329	103891417	uc056yux.1_5utr	-	3	0,2908,5068,	9,48,20	77	4
chr13	104036514	104036567	uc007rso.1_5utr	-	1	0,	53	53	3
chr13	104061789	104109614	uc007rsq.1_5utr	-	4	0,7405,10973,47626,	91,149,260,199	699	35
chr13	104109456	104109614	uc007rsp.1_5utr	-	1	0,	158	158	8
chr13	104109456	104109614	uc007rsr.1_5utr	-	1	0,	158	158	8
chr13	104109789	104111089	uc007rss.1_5utr	+	2	0,1280,	180,20	200	10
chr13	104174901	104178466	uc007rsw.1_5utr	-	2	0,3212,	103,353	456	23
chr13	104178159	104178466	uc007rst.1_5utr	-	1	0,	307	307	15
chr13	104178159	104178466	uc007rsu.1_5utr	-	1	0,	307	307	15
chr13	104178159	104178466	uc007rsv.1_5utr	-	1	0,	307	307	15
chr13	104178838	104178880	uc011zeg.1_5utr	+	1	0,	42	42	2
chr13	104178838	104178880	uc007rsx.1_5utr	+	1	0,	42	42	2
chr13	104179097	104181052	uc007rsy.1_5utr	+	1	0,	1955	1955	98
chr13	104228610	104230762	uc007rtc.2_5utr	+	2	0,2118,	392,34	426	21
chr13	104228610	104242215	uc007rtd.2_5utr	+	6	0,2118,4047,5536,7568,13578,	392,151,57,86,47,27	760	38
chr13	104228801	104228844	uc007rta.2_5utr	-	1	0,	43	43	2
chr13	104228801	104228844	uc007rsz.2_5utr	-	1	0,	43	43	2
chr13	104229387	104229585	uc007rte.2_5utr	+	1	0,	198	198	10
chr13	104238268	104242215	uc007rtf.1_5utr	+	2	0,3920,	111,27	138	7
chr13	104287872	104294727	uc007rti.1_5utr	+	2	0,6574,	128,281	409	20
chr13	104816728	104816953	uc007rtj.1_5utr	-	1	0,	225	225	11
chr13	104816728	104816953	uc011zei.1_5utr	-	1	0,	225	225	11
chr13	104817238	104817353	uc007rtm.1_5utr	+	1	0,	115	115	6
chr13	104863713	104863893	uc007rto.1_5utr	-	1	0,	180	180	9
chr13	105054214	105054930	uc007rtp.1_5utr	-	1	0,	716	716	36
chr13	105082121	105082159	uc007rtq.1_5utr	+	1	0,	38	38	2
chr13	105292815	105293014	uc007rtt.1_5utr	-	1	0,	199	199	10
chr13	105294262	105294485	uc007rtr.1_5utr	-	1	0,	223	223	11
chr13	105294262	105294485	uc007rts.1_5utr	-	1	0,	223	223	11
chr13	105443692	105444253	uc007rtu.2_5utr	+	1	0,	561	561	28
chr13	106836234	106836426	uc007rtv.1_5utr	-	1	0,	192	192	10
chr13	106875595	106876279	uc007rtz.1_5utr	-	2	0,643,	12,41	53	3
chr13	106875595	106876279	uc007rtw.1_5utr	-	2	0,643,	12,41	53	3
chr13	106925150	106936915	uc007rtx.1_5utr	-	2	0,11609,	6,156	162	8
chr13	106947128	106947204	uc007rua.2_5utr	+	1	0,	76	76	4
chr13	106985126	106988052	uc007rub.2_5utr	-	3	0,2142,2883,	33,101,43	177	9
chr13	106993925	107022114	uc007ruc.2_5utr	-	3	0,2821,28086,	17,383,103	503	25
chr13	107022075	107022114	uc007rue.1_5utr	-	1	0,	39	39	2
chr13	107022075	107022114	uc007rud.2_5utr	-	1	0,	39	39	2
chr13	107733950	107734027	uc007ruo.2_5utr	-	1	0,	77	77	4
chr13	107787782	107890064	uc007ruq.2_5utr	-	2	0,101614,	227,668	895	45
chr13	107890049	107890064	uc007rup.2_5utr	-	1	0,	15	15	1
chr13	108044473	108047461	uc007rut.1_5utr	+	3	0,1951,2966,	13,144,22	179	9
chr13	108158569	108158625	uc007ruv.2_5utr	-	1	0,	56	56	3
chr13	108158569	108158625	uc007ruu.2_5utr	-	1	0,	56	56	3
chr13	108158569	108158625	uc011zek.1_5utr	-	1	0,	56	56	3
chr13	108158737	108158793	uc007ruw.1_5utr	+	1	0,	56	56	3
chr13	108158737	108158793	uc007rux.1_5utr	+	1	0,	56	56	3
chr13	108158737	108169431	uc007ruz.1_5utr	+	3	0,1897,10630,	133,96,64	293	15
chr13	108214403	108270638	uc007rvb.2_5utr	+	4	0,42263,52786,56229,	97,132,145,6	380	19
chr13	108214403	108256734	uc007rva.2_5utr	+	2	0,42263,	97,68	165	8
chr13	108316336	108316421	uc007rvc.1_5utr	+	1	0,	85	85	4
chr13	108654104	108860165	uc007rvg.2_5utr	+	2	0,205970,	161,91	252	13
chr13	109260811	109260889	uc007rvh.1_5utr	+	1	0,	78	78	4
chr13	109686155	109686167	uc007rvj.2_5utr	+	1	0,	12	12	1
chr13	109686155	109686167	uc007rvi.1_5utr	+	1	0,	12	12	1
chr13	109903301	109903674	uc007rvl.2_5utr	+	2	0,275,	189,98	287	14
chr13	109903301	109903440	uc007rvm.2_5utr	+	1	0,	139	139	7
chr13	109926843	109927224	uc007rvn.2_5utr	+	1	0,	381	381	19
chr13	110280018	110280206	uc007rvo.3_5utr	-	1	0,	188	188	9
chr13	110280810	110280996	uc007rvp.3_5utr	-	1	0,	186	186	9
chr13	110354127	110357172	uc007rvq.1_5utr	-	3	0,811,2956,	388,65,89	542	27
chr13	110395043	110395176	uc007rvs.2_5utr	+	1	0,	133	133	7
chr13	110395047	110396038	uc007rvr.1_5utr	+	1	0,	991	991	50
chr13	111255012	111255132	uc007rvu.1_5utr	+	1	0,	120	120	6
chr13	111453408	111488370	uc007rvv.2_5utr	-	3	0,13442,34014,	88,120,948	1156	58
chr13	111466913	111490041	uc007rvw.2_5utr	-	3	0,20509,22804,	57,948,324	1329	66
chr13	111466913	111490041	uc007rvx.2_5utr	-	3	0,20509,22804,	57,948,324	1329	66
chr13	111686177	111686345	uc007rvy.1_5utr	+	1	0,	168	168	8
chr13	111686350	111691282	uc007rvz.1_5utr	+	3	0,1477,4885,	104,25,47	176	9
chr13	111808969	111808983	uc007rwa.1_5utr	-	1	0,	14	14	1
chr13	112288450	112288927	uc011zen.1_5utr	+	1	0,	477	477	24
chr13	112288450	112318453	uc011zeo.1_5utr	+	3	0,29263,29974,	532,106,29	667	33
chr13	112288450	112288927	uc007rwd.2_5utr	+	1	0,	477	477	24
chr13	112288517	112288927	uc007rwc.1_5utr	+	2	0,370,	80,40	120	6
chr13	112318424	112318453	uc007rwe.1_5utr	+	1	0,	29	29	1
chr13	112464069	112475045	uc007rwf.2_5utr	+	4	0,1657,8517,10961,	181,200,87,15	483	24
chr13	112464069	112475045	uc007rwg.2_5utr	+	3	0,8517,10961,	181,87,15	283	14
chr13	112549510	112565901	uc011zep.2_5utr	-	7	0,203,2358,2745,9637,12339,16227,	70,77,118,123,79,208,164	839	42
chr13	112549510	112565901	uc011zeq.2_5utr	-	6	0,203,2358,9637,12339,16227,	70,77,118,79,208,164	716	36
chr13	112559202	112580662	uc007rwi.2_5utr	-	4	0,2647,6535,21435,	24,208,164,25	421	21
chr13	112565572	112565666	uc007rwk.1_5utr	-	1	0,	94	94	5
chr13	112591255	112594360	uc007rwj.1_5utr	-	2	0,3060,	191,45	236	12
chr13	112651403	112652310	uc007rwm.2_5utr	-	2	0,872,	15,35	50	2
chr13	112651403	112652310	uc007rwn.2_5utr	-	2	0,872,	15,35	50	2
chr13	112660765	112669621	uc007rwo.2_5utr	+	2	0,8821,	107,35	142	7
chr13	112700228	112701146	uc007rwp.1_5utr	+	1	0,	918	918	46
chr13	112800776	112801208	uc007rwq.2_5utr	+	1	0,	432	432	22
chr13	112800776	112801208	uc007rwr.2_5utr	+	1	0,	432	432	22
chr13	112908964	112911034	uc007rwt.1_5utr	-	3	0,851,1945,	33,99,125	257	13
chr13	112927357	112927380	uc007rws.1_5utr	-	1	0,	23	23	1
chr13	112927357	112927380	uc007rwu.1_5utr	-	1	0,	23	23	1
chr13	112962717	112962751	uc007rwy.1_5utr	+	1	0,	34	34	2
chr13	112987801	112987897	uc007rwz.1_5utr	+	1	0,	96	96	5
chr13	112993867	112993871	uc007rxa.1_5utr	+	1	0,	4	4	0
chr13	113046375	113046388	uc007rxb.1_5utr	-	1	0,	13	13	1
chr13	113100633	113100981	uc011zeu.1_5utr	-	2	0,248,	65,100	165	8
chr13	113100951	113100981	uc007rxc.1_5utr	-	1	0,	30	30	2
chr13	113209658	113209842	uc007rxe.1_5utr	+	1	0,	184	184	9
chr13	113342547	113346515	uc007rxf.1_5utr	+	2	0,3963,	21,5	26	1
chr13	113618395	113618564	uc007rxg.2_5utr	-	1	0,	169	169	8
chr13	113618395	113618558	uc007rxh.1_5utr	-	1	0,	163	163	8
chr13	113663492	113663676	uc007rxi.2_5utr	-	1	0,	184	184	9
chr13	113794507	113794648	uc007rxj.1_5utr	+	1	0,	141	141	7
chr13	113794507	113794684	uc011zev.1_5utr	+	1	0,	177	177	9
chr13	113794507	113901144	uc007rxk.1_5utr	+	2	0,106495,	189,142	331	17
chr13	114388056	114388094	uc007rxm.2_5utr	-	1	0,	38	38	2
chr13	114458586	114458951	uc007rxp.2_5utr	-	1	0,	365	365	18
chr13	114458586	114458951	uc007rxo.2_5utr	-	1	0,	365	365	18
chr13	114458586	114458951	uc007rxn.2_5utr	-	1	0,	365	365	18
chr13	114818236	114820848	uc011zew.1_5utr	+	2	0,2565,	87,47	134	7
chr13	114818236	114820848	uc007rxv.2_5utr	+	2	0,2565,	87,47	134	7
chr13	114818236	114818305	uc007rxu.2_5utr	+	1	0,	69	69	3
chr13	114931933	114932041	uc007rxw.1_5utr	-	1	0,	108	108	5
chr13	115089919	115090158	uc007ryb.2_5utr	-	1	0,	239	239	12
chr13	115101531	115101964	uc007rxz.1_5utr	-	1	0,	433	433	22
chr13	115101531	115101964	uc007rxx.1_5utr	-	1	0,	433	433	22
chr13	115101531	115101964	uc007rya.1_5utr	-	1	0,	433	433	22
chr13	115101531	115101964	uc007rxy.1_5utr	-	1	0,	433	433	22
chr13	116309422	116309688	uc007ryf.2_5utr	-	1	0,	266	266	13
chr13	116309422	116309688	uc007rye.2_5utr	-	1	0,	266	266	13
chr13	116309422	116309688	uc007ryg.2_5utr	-	1	0,	266	266	13
chr13	116879105	116879334	uc007ryh.1_5utr	-	1	0,	229	229	11
chr13	116895777	117025277	uc007ryi.1_5utr	-	10	0,15087,15606,26792,29188,30739,31524,42966,128397,129398,	4,91,61,95,78,71,90,38,55,102	685	34
chr13	117025266	117025395	uc007ryj.1_5utr	-	1	0,	129	129	6
chr13	117025470	117025516	uc007ryk.1_5utr	-	1	0,	46	46	2
chr13	117025470	117025516	uc007ryl.1_5utr	-	1	0,	46	46	2
chr13	117220572	117220848	uc007rym.2_5utr	+	1	0,	276	276	14
chr13	117602319	117602703	uc007ryo.2_5utr	+	1	0,	384	384	19
chr13	117602319	117602703	uc007ryn.2_5utr	+	1	0,	384	384	19
chr13	118387234	118387252	uc007ryr.1_5utr	-	1	0,	18	18	1
chr13	118714698	118715383	uc007ryv.2_5utr	+	1	0,	685	685	34
chr13	119374751	119374774	uc007ryy.1_5utr	-	1	0,	23	23	1
chr13	119396782	119409138	uc007ryz.1_5utr	-	2	0,12120,	194,236	430	22
chr13	119404702	119409138	uc007ryw.1_5utr	-	2	0,4200,	52,236	288	14
chr13	119404702	119409138	uc007ryx.1_5utr	-	2	0,4200,	52,236	288	14
chr13	119404702	119409138	uc007rzb.1_5utr	-	2	0,4200,	52,236	288	14
chr13	119404702	119409138	uc007rza.1_5utr	-	2	0,4200,	52,236	288	14
chr13	119428599	119430230	uc007rzc.2_5utr	+	2	0,1560,	41,71	112	6
chr13	119428901	119429132	uc007rzd.2_5utr	+	1	0,	231	231	12
chr13	119462758	119466103	uc007rzh.2_5utr	+	3	0,1806,2521,	361,126,824	1311	66
chr13	119462758	119466103	uc007rzg.2_5utr	+	3	0,1806,3252,	361,126,93	580	29
chr13	119462758	119466103	uc007rzj.2_5utr	+	2	0,3252,	361,93	454	23
chr13	119462758	119466103	uc007rzf.2_5utr	+	2	0,3315,	361,30	391	20
chr13	119462758	119466103	uc011zex.1_5utr	+	3	0,1806,3315,	361,126,30	517	26
chr13	119488038	119492634	uc029sdk.1_5utr	+	2	0,4595,	162,1	163	8
chr13	119488859	119492634	uc029sdl.1_5utr	+	2	0,3774,	135,1	136	7
chr13	119492633	119492634	uc033gnh.1_5utr	+	1	0,	1	1	0
chr13	119606647	119606658	uc029sdm.1_5utr	+	1	0,	11	11	1
chr13	119623818	119623872	uc007sal.1_5utr	+	1	0,	54	54	3
chr13	119690350	119699673	uc007rzv.2_5utr	+	3	0,4638,9313,	163,59,10	232	12
chr13	119690350	119699673	uc007rzw.2_5utr	+	2	0,9313,	163,10	173	9
chr13	119690350	119699673	uc007rzx.2_5utr	+	2	0,9313,	163,10	173	9
chr13	119714296	119755882	uc011zez.1_5utr	-	3	0,13283,41398,	75,944,188	1207	60
chr13	119727871	119755882	uc007rzu.1_5utr	-	2	0,27823,	652,188	840	42
chr13	119790272	119791122	uc007rzn.2_5utr	-	2	0,547,	15,303	318	16
chr13	119790272	119790732	uc007rzs.2_5utr	-	2	0,232,	15,228	243	12
chr13	119790272	119790806	uc007rzo.2_5utr	-	2	0,506,	15,28	43	2
chr13	119790272	119790806	uc007rzp.2_5utr	-	2	0,506,	15,28	43	2
chr13	119790272	119790458	uc007rzr.2_5utr	-	1	0,	186	186	9
chr13	119790272	119790458	uc007rzq.2_5utr	-	1	0,	186	186	9
chr13	119828658	119830217	uc029sdn.1_5utr	-	2	0,1401,	30,158	188	9
chr13	119845343	119846071	uc029sdo.1_5utr	+	2	0,703,	184,25	209	10
chr13	119894094	119894785	uc029sdp.2_5utr	-	2	0,551,	28,140	168	8
chr13	119950068	119950806	uc029sdq.1_5utr	-	2	0,553,	28,185	213	11
chr13	120035331	120052204	uc029sds.2_5utr	-	6	0,6515,9178,10141,11439,16758,	226,104,198,193,180,115	1016	51
chr13	120140245	120154626	uc029sdt.2_5utr	+	3	0,13592,14353,	452,238,28	718	36
chr13	120153886	120154626	uc029sdu.1_5utr	+	2	0,712,	170,28	198	10
chr13	120215213	120215947	uc029sdw.1_5utr	-	2	0,550,	25,184	209	10
chr13	120239110	120240669	uc029sdx.1_5utr	+	2	0,1529,	158,30	188	9
chr13	120263113	120263801	uc029sdy.1_5utr	+	2	0,660,	137,28	165	8
chr13	120300391	120308145	uc009shv.3_5utr	+	5	0,570,3344,7377,7726,	230,312,229,162,28	961	48
chr13	120316861	120317566	uc009shu.1_5utr	+	2	0,677,	155,28	183	9
