chr	start	end	transcript_id	strand	number_of_exons	coordinates	length1	total_length	bin
chr16	3718062	3718124	uc007xym.2_5utr	-	1	0,	62	62	3
chr16	3718062	3718124	uc012aan.1_5utr	-	1	0,	62	62	3
chr16	3718062	3718124	uc012aam.1_5utr	-	1	0,	62	62	3
chr16	3744098	3744374	uc007xyn.2_5utr	+	1	0,	276	276	14
chr16	3744174	3745758	uc007xyo.2_5utr	+	1	0,	1584	1584	79
chr16	3745295	3745869	uc007xyp.2_5utr	+	2	0,481,	217,93	310	16
chr16	3747912	3748240	uc007xyq.2_5utr	+	1	0,	328	328	16
chr16	3847222	3847872	uc007xyt.1_5utr	+	1	0,	650	650	32
chr16	3872091	3872374	uc007xyu.1_5utr	-	1	0,	283	283	14
chr16	3884618	3894374	uc007xyw.1_5utr	+	2	0,9750,	188,6	194	10
chr16	3884618	3897335	uc056zat.1_5utr	+	2	0,12632,	188,85	273	14
chr16	3908453	3908689	uc007xyz.1_5utr	-	1	0,	236	236	12
chr16	3909008	3909131	uc007xzb.1_5utr	+	1	0,	123	123	6
chr16	3909008	3909131	uc007xza.1_5utr	+	1	0,	123	123	6
chr16	3909008	3911461	uc012aao.1_5utr	+	3	0,2141,2442,	145,125,11	281	14
chr16	3976339	3976632	uc007xzd.1_5utr	-	1	0,	293	293	15
chr16	3976339	3976632	uc007xze.1_5utr	-	1	0,	293	293	15
chr16	3976377	3976632	uc007xzc.1_5utr	-	1	0,	255	255	13
chr16	3981730	3982204	uc007xzf.2_5utr	-	1	0,	474	474	24
chr16	3992009	3995877	uc012aaq.2_5utr	-	4	0,898,2698,3684,	112,118,213,184	627	31
chr16	4001370	4001678	uc007xzg.2_5utr	-	1	0,	308	308	15
chr16	4037100	4038073	uc007xzi.1_5utr	+	4	0,256,449,853,	74,78,148,120	420	21
chr16	4037100	4037550	uc007xzh.1_5utr	+	3	0,207,449,	74,127,1	202	10
chr16	4037144	4037550	uc007xzj.2_5utr	+	2	0,405,	290,1	291	15
chr16	4077780	4077810	uc007xzk.1_5utr	-	1	0,	30	30	2
chr16	4119854	4119856	uc007xzm.1_5utr	-	1	0,	2	2	0
chr16	4213223	4213404	uc007xzl.1_5utr	-	1	0,	181	181	9
chr16	4418834	4420498	uc007xzr.2_5utr	-	3	0,361,941,	138,393,723	1254	63
chr16	4419545	4420498	uc007xzs.2_5utr	-	2	0,230,	43,723	766	38
chr16	4559516	4559720	uc007xzv.1_5utr	-	1	0,	204	204	10
chr16	4594712	4608646	uc007xzw.1_5utr	+	2	0,13885,	223,49	272	14
chr16	4608597	4611757	uc012aar.1_5utr	+	3	0,1660,2682,	221,173,478	872	44
chr16	4624853	4624946	uc007xzx.1_5utr	-	1	0,	93	93	5
chr16	4634839	4679720	uc012aas.1_5utr	-	13	0,145,544,3830,20170,20708,27025,33904,35018,35662,40923,42096,44712,	68,58,77,142,83,87,51,77,184,71,75,97,169	1239	62
chr16	4639944	4648190	uc007xzz.2_5utr	+	2	0,8237,	204,9	213	11
chr16	4679611	4679720	uc007yaa.1_5utr	-	1	0,	109	109	5
chr16	4679611	4679720	uc007xzy.1_5utr	-	1	0,	109	109	5
chr16	4684069	4684133	uc007yac.2_5utr	+	1	0,	64	64	3
chr16	4684069	4684133	uc012aat.1_5utr	+	1	0,	64	64	3
chr16	4684069	4684133	uc007yab.2_5utr	+	1	0,	64	64	3
chr16	4684069	4684133	uc007yad.2_5utr	+	1	0,	64	64	3
chr16	4718934	4719356	uc007yae.2_5utr	-	1	0,	422	422	21
chr16	4718934	4719356	uc007yaf.2_5utr	-	1	0,	422	422	21
chr16	4718934	4719356	uc056zau.1_5utr	-	1	0,	422	422	21
chr16	4718934	4719356	uc056zav.1_5utr	-	1	0,	422	422	21
chr16	4726360	4762594	uc007yag.2_5utr	+	2	0,36198,	111,36	147	7
chr16	4741612	4762594	uc007yah.2_5utr	+	2	0,20946,	127,36	163	8
chr16	4757065	4757122	uc007yai.2_5utr	+	1	0,	57	57	3
chr16	4770127	4790246	uc007yak.1_5utr	-	3	0,543,20024,	24,65,95	184	9
chr16	4770127	4789935	uc007yaj.1_5utr	-	3	0,543,19703,	24,65,105	194	10
chr16	4770127	4789935	uc012aau.1_5utr	-	3	0,543,19703,	24,65,105	194	10
chr16	4835415	4835588	uc007yam.1_5utr	+	1	0,	173	173	9
chr16	4835415	4835588	uc012aav.1_5utr	+	1	0,	173	173	9
chr16	4858253	4858483	uc007yan.2_5utr	+	1	0,	230	230	12
chr16	4858253	4861571	uc012aaw.1_5utr	+	3	0,2710,3269,	339,119,49	507	25
chr16	4858253	4861571	uc012aax.1_5utr	+	3	0,2710,3269,	339,119,49	507	25
chr16	4879736	4879851	uc007yao.2_5utr	-	1	0,	115	115	6
chr16	4886099	4886385	uc007yap.2_5utr	+	1	0,	286	286	14
chr16	4886099	4886385	uc007yaq.2_5utr	+	1	0,	286	286	14
chr16	4939110	4939140	uc029svs.1_5utr	+	1	0,	30	30	2
chr16	4939110	4939140	uc029svr.1_5utr	+	1	0,	30	30	2
chr16	4939110	4939140	uc029svt.1_5utr	+	1	0,	30	30	2
chr16	4948310	4948363	uc007ybb.2_5utr	-	1	0,	53	53	3
chr16	4960566	4964237	uc007ybd.2_5utr	-	2	0,3553,	2,118	120	6
chr16	4960566	4964237	uc007ybc.2_5utr	-	2	0,3553,	2,118	120	6
chr16	4996603	4997852	uc007ybh.2_5utr	-	2	0,1139,	28,110	138	7
chr16	4996603	4997852	uc007ybg.2_5utr	-	2	0,1139,	28,110	138	7
chr16	5007287	5007752	uc029svv.1_5utr	+	2	0,456,	38,9	47	2
chr16	5007287	5007752	uc029svu.1_5utr	+	2	0,456,	38,9	47	2
chr16	5007315	5007752	uc007ybi.2_5utr	+	2	0,428,	103,9	112	6
chr16	5007315	5007752	uc029svw.1_5utr	+	2	0,428,	103,9	112	6
chr16	5011677	5011758	uc007ybj.1_5utr	-	1	0,	81	81	4
chr16	5013507	5013553	uc007ybk.1_5utr	-	1	0,	46	46	2
chr16	5037005	5047813	uc007ybn.1_5utr	-	2	0,10728,	52,80	132	7
chr16	5049843	5049910	uc007ybm.1_5utr	-	1	0,	67	67	3
chr16	5049843	5049910	uc007ybl.1_5utr	-	1	0,	67	67	3
chr16	5050067	5055115	uc007ybq.1_5utr	+	3	0,3660,5009,	714,114,39	867	43
chr16	5050067	5055115	uc007ybp.1_5utr	+	2	0,5009,	714,39	753	38
chr16	5055076	5055115	uc007ybr.1_5utr	+	1	0,	39	39	2
chr16	5073321	5073457	uc007ybs.1_5utr	+	1	0,	136	136	7
chr16	5132343	5132481	uc007ybt.1_5utr	-	1	0,	138	138	7
chr16	5132343	5132481	uc007ybu.2_5utr	-	1	0,	138	138	7
chr16	5147108	5147785	uc012aay.1_5utr	+	2	0,636,	21,41	62	3
chr16	5203456	5204012	uc007ybv.2_5utr	-	1	0,	556	556	28
chr16	5203982	5204012	uc007ybw.2_5utr	-	1	0,	30	30	2
chr16	5222258	5222299	uc012aaz.1_5utr	-	1	0,	41	41	2
chr16	5233620	5233649	uc007yby.2_5utr	+	1	0,	29	29	1
chr16	5233620	5233649	uc012aba.2_5utr	+	1	0,	29	29	1
chr16	5255936	5255956	uc007ybz.1_5utr	-	1	0,	20	20	1
chr16	5255936	5255956	uc007yca.1_5utr	-	1	0,	20	20	1
chr16	5884792	6809221	uc007ycc.2_5utr	+	5	0,288812,603026,751733,924414,	1072,63,48,131,15	1329	66
chr16	5884792	6809221	uc012abb.1_5utr	+	5	0,288812,603026,751733,924414,	1072,63,48,131,15	1329	66
chr16	5884792	6809221	uc007ycb.2_5utr	+	4	0,288812,603026,924414,	1072,63,48,15	1198	60
chr16	6173604	6809221	uc007yci.2_5utr	+	3	0,314214,635602,	63,48,15	126	6
chr16	6349035	6809221	uc007yce.2_5utr	+	3	0,138783,460171,	196,48,15	259	13
chr16	7069834	7069998	uc007ycg.2_5utr	+	1	0,	164	164	8
chr16	7069834	7069998	uc007ych.2_5utr	+	1	0,	164	164	8
chr16	7069834	7069998	uc007ycf.2_5utr	+	1	0,	164	164	8
chr16	8424652	8425136	uc007yck.1_5utr	-	1	0,	484	484	24
chr16	8470812	8473848	uc007ycl.1_5utr	+	2	0,3018,	53,18	71	4
chr16	8513428	8572880	uc007ycp.2_5utr	+	2	0,59407,	146,45	191	10
chr16	8513428	8572880	uc007ycn.2_5utr	+	2	0,59407,	146,45	191	10
chr16	8513428	8572880	uc007yco.2_5utr	+	2	0,59407,	146,45	191	10
chr16	8513428	8572880	uc007ycm.2_5utr	+	2	0,59407,	146,45	191	10
chr16	8621139	8621218	uc033gxi.1_5utr	-	1	0,	79	79	4
chr16	8637488	8637701	uc007ycq.1_5utr	-	1	0,	213	213	11
chr16	8637706	8637774	uc012abc.1_5utr	+	1	0,	68	68	3
chr16	8637706	8637774	uc007ycr.1_5utr	+	1	0,	68	68	3
chr16	8637706	8637774	uc007ycs.1_5utr	+	1	0,	68	68	3
chr16	8664415	8672153	uc007yct.1_5utr	-	2	0,7697,	7,41	48	2
chr16	8680769	8680870	uc007ycu.1_5utr	+	1	0,	101	101	5
chr16	8691633	8691684	uc007ycv.1_5utr	-	1	0,	51	51	3
chr16	8698033	8698850	uc007ycy.1_5utr	-	2	0,686,	553,131	684	34
chr16	8710050	8738342	uc007ycx.1_5utr	-	4	0,2082,6464,28153,	127,60,105,139	431	22
chr16	8738285	8738342	uc007ycw.1_5utr	-	1	0,	57	57	3
chr16	8757017	8792308	uc007ycz.1_5utr	-	2	0,35218,	55,73	128	6
chr16	8830099	8830459	uc007yda.2_5utr	+	1	0,	360	360	18
chr16	9992533	9994270	uc007ydd.1_5utr	-	2	0,1525,	18,212	230	12
chr16	10170227	10174309	uc007yde.1_5utr	+	3	0,187,4053,	97,77,29	203	10
chr16	10192905	10201309	uc007ydg.2_5utr	+	2	0,8394,	120,10	130	6
chr16	10192905	10201309	uc007ydf.2_5utr	+	2	0,8394,	120,10	130	6
chr16	10192905	10201309	uc007ydh.2_5utr	+	2	0,8394,	120,10	130	6
chr16	10192905	10201309	uc007ydi.2_5utr	+	2	0,8394,	120,10	130	6
chr16	10292339	10313968	uc007ydj.1_5utr	-	2	0,21472,	85,157	242	12
chr16	10395419	10395465	uc007ydm.3_5utr	-	1	0,	46	46	2
chr16	10395419	10395465	uc007ydl.3_5utr	-	1	0,	46	46	2
chr16	10411937	10411976	uc007ydo.2_5utr	+	1	0,	39	39	2
chr16	10411937	10411976	uc007ydn.2_5utr	+	1	0,	39	39	2
chr16	10447045	10447350	uc007ydp.1_5utr	-	1	0,	305	305	15
chr16	10480071	10480143	uc007ydq.1_5utr	+	1	0,	72	72	4
chr16	10480071	10480143	uc007yds.2_5utr	+	1	0,	72	72	4
chr16	10480071	10501786	uc007ydr.2_5utr	+	3	0,13575,21695,	355,228,20	603	30
chr16	10480071	10480143	uc007ydt.2_5utr	+	1	0,	72	72	4
chr16	10488177	10488372	uc007ydu.3_5utr	+	1	0,	195	195	10
chr16	10489780	10489821	uc007ydw.2_5utr	+	1	0,	41	41	2
chr16	10542690	10543054	uc007ydx.1_5utr	-	1	0,	364	364	18
chr16	10545338	10545562	uc007ydy.2_5utr	+	1	0,	224	224	11
chr16	10545338	10545562	uc033gxl.1_5utr	+	1	0,	224	224	11
chr16	10545338	10545562	uc007ydz.2_5utr	+	1	0,	224	224	11
chr16	10545338	10545562	uc007yea.2_5utr	+	1	0,	224	224	11
chr16	10600550	10611010	uc007yec.2_5utr	+	2	0,10452,	167,8	175	9
chr16	10784871	10785536	uc033gxm.1_5utr	-	2	0,559,	170,106	276	14
chr16	10784871	10785536	uc007yed.1_5utr	-	2	0,559,	50,106	156	8
chr16	10788601	10788655	uc007yee.1_5utr	-	1	0,	54	54	3
chr16	10790889	10790914	uc007yef.1_5utr	-	1	0,	25	25	1
chr16	10791998	10792097	uc007yeh.1_5utr	-	1	0,	99	99	5
chr16	10796731	10796823	uc007yej.1_5utr	-	1	0,	92	92	5
chr16	10835058	10835089	uc007yek.2_5utr	+	1	0,	31	31	2
chr16	10913949	10914797	uc007yem.1_5utr	-	2	0,758,	25,90	115	6
chr16	10966644	10993121	uc007yen.2_5utr	-	2	0,26401,	5,76	81	4
chr16	11060944	11072318	uc007yeq.3_5utr	+	2	0,11287,	95,87	182	9
chr16	11066297	11072318	uc007yer.3_5utr	+	2	0,5934,	150,87	237	12
chr16	11134509	11134532	uc007yex.1_5utr	-	1	0,	23	23	1
chr16	11134509	11134532	uc007yev.1_5utr	-	1	0,	23	23	1
chr16	11134509	11134532	uc007yew.1_5utr	-	1	0,	23	23	1
chr16	11134509	11134532	uc007yet.1_5utr	-	1	0,	23	23	1
chr16	11151865	11162679	uc012abd.2_5utr	-	10	0,326,1193,4154,4662,6688,6817,7100,9138,10774,	65,140,205,281,34,39,81,159,198,40	1242	62
chr16	11161006	11162679	uc007yfa.3_5utr	-	2	0,1633,	195,40	235	12
chr16	11164659	11176393	uc033gxp.1_5utr	-	2	0,11560,	34,174	208	10
chr16	11203255	11203292	uc007yfb.1_5utr	-	1	0,	37	37	2
chr16	11240687	11240840	uc007yfd.2_5utr	-	2	0,117,	20,36	56	3
chr16	11253997	11254325	uc007yff.2_5utr	-	1	0,	328	328	16
chr16	11253997	11254325	uc007yfg.1_5utr	-	1	0,	328	328	16
chr16	11253997	11254325	uc007yfe.2_5utr	-	1	0,	328	328	16
chr16	11313808	11313952	uc007yfh.1_5utr	+	1	0,	144	144	7
chr16	11322903	11322971	uc029swd.1_5utr	+	1	0,	68	68	3
chr16	11403459	11403563	uc007yfi.2_5utr	+	1	0,	104	104	5
chr16	11405647	11405692	uc007yfj.2_5utr	+	1	0,	45	45	2
chr16	11447307	11447317	uc007yfk.1_5utr	+	1	0,	10	10	0
chr16	11909335	11909423	uc007yfo.1_5utr	-	1	0,	88	88	4
chr16	11909335	11909423	uc007yfm.1_5utr	-	1	0,	88	88	4
chr16	11909335	11909423	uc007yfn.1_5utr	-	1	0,	88	88	4
chr16	11909335	11909423	uc007yfp.1_5utr	-	1	0,	88	88	4
chr16	11984112	11984580	uc007yfs.2_5utr	+	1	0,	468	468	23
chr16	11984112	11984580	uc007yft.2_5utr	+	1	0,	468	468	23
chr16	11984112	11984457	uc007yfr.1_5utr	+	1	0,	345	345	17
chr16	13109735	13109934	uc007yfx.2_5utr	+	1	0,	199	199	10
chr16	13109735	13109934	uc007yfv.1_5utr	+	1	0,	199	199	10
chr16	13256480	13326417	uc007yfy.2_5utr	+	3	0,8598,69901,	74,61,36	171	9
chr16	13265078	13326417	uc007yfz.1_5utr	+	2	0,61303,	61,36	97	5
chr16	13358420	13358638	uc007yga.2_5utr	+	1	0,	218	218	11
chr16	13652412	13668170	uc007ygd.1_5utr	-	9	0,232,2036,4503,12243,12408,13489,15121,15598,	71,66,145,61,82,68,80,78,160	811	41
chr16	13668029	13668170	uc007ygc.1_5utr	-	1	0,	141	141	7
chr16	13671857	13677038	uc007yge.2_5utr	+	2	0,4976,	221,205	426	21
chr16	13671857	13685135	uc007ygf.2_5utr	+	2	0,13204,	221,74	295	15
chr16	13671857	13685135	uc007ygg.2_5utr	+	2	0,13204,	221,74	295	15
chr16	13730411	13730983	uc007ygh.2_5utr	-	1	0,	572	572	29
chr16	13730411	13730983	uc007ygi.2_5utr	-	1	0,	572	572	29
chr16	13780698	13780756	uc007ygj.1_5utr	+	1	0,	58	58	3
chr16	13819276	13819355	uc007ygk.2_5utr	+	1	0,	79	79	4
chr16	13902935	13903145	uc007ygl.2_5utr	-	1	0,	210	210	10
chr16	13902935	13903145	uc007ygm.2_5utr	-	1	0,	210	210	10
chr16	13902935	13903145	uc007ygn.2_5utr	-	1	0,	210	210	10
chr16	13903160	13903264	uc007ygo.2_5utr	+	1	0,	104	104	5
chr16	13930221	13944667	uc007ygp.2_5utr	+	2	0,14444,	247,2	249	12
chr16	13940628	13944667	uc007ygq.2_5utr	+	2	0,4037,	83,2	85	4
chr16	13940628	13944667	uc033gxv.1_5utr	+	3	0,1491,4037,	83,54,2	139	7
chr16	13940664	13940713	uc033gxx.1_5utr	+	1	0,	49	49	2
chr16	13940664	13940713	uc007ygr.2_5utr	+	1	0,	49	49	2
chr16	13940664	13944667	uc033gxw.1_5utr	+	3	0,1455,4001,	359,54,2	415	21
chr16	13983809	13986867	uc007ygs.2_5utr	-	2	0,2820,	16,238	254	13
chr16	13986636	13986790	uc007ygu.1_5utr	+	1	0,	154	154	8
chr16	14142483	14142657	uc007ygw.2_5utr	-	1	0,	174	174	9
chr16	14153972	14159274	uc007ygv.2_5utr	-	2	0,5171,	59,131	190	10
chr16	14153972	14163351	uc007ygx.1_5utr	-	3	0,5701,9248,	59,189,131	379	19
chr16	14163274	14169492	uc007yhb.3_5utr	+	2	0,6177,	94,41	135	7
chr16	14163274	14169492	uc007yha.2_5utr	+	2	0,6177,	94,41	135	7
chr16	14163274	14183485	uc007ygz.2_5utr	+	4	0,6177,7063,20201,	94,124,154,10	382	19
chr16	14163274	14169492	uc007ygy.2_5utr	+	2	0,6177,	94,41	135	7
chr16	14277896	14291408	uc007yhe.2_5utr	-	2	0,13379,	16,133	149	7
chr16	14277896	14291408	uc007yhd.2_5utr	-	2	0,13379,	16,133	149	7
chr16	14277896	14291408	uc007yhg.2_5utr	-	2	0,13379,	16,133	149	7
chr16	14277896	14291408	uc007yhf.2_5utr	-	2	0,13379,	16,133	149	7
chr16	14317321	14317332	uc007yhh.1_5utr	-	1	0,	11	11	1
chr16	14361557	14361595	uc007yhj.2_5utr	+	1	0,	38	38	2
chr16	14460897	14460920	uc007yhk.1_5utr	+	1	0,	23	23	1
chr16	14705858	14705973	uc007yhm.1_5utr	+	1	0,	115	115	6
chr16	14906645	14906754	uc007yhn.1_5utr	+	1	0,	109	109	5
chr16	15594475	15594490	uc056zba.1_5utr	-	1	0,	15	15	1
chr16	15594475	15594518	uc007yhq.2_5utr	-	1	0,	43	43	2
chr16	15594475	15594518	uc007yhp.2_5utr	-	1	0,	43	43	2
chr16	15637180	15637400	uc007yhr.2_5utr	-	1	0,	220	220	11
chr16	15637865	15637888	uc007yhs.1_5utr	+	1	0,	23	23	1
chr16	15637865	15637888	uc007yht.1_5utr	+	1	0,	23	23	1
chr16	15835978	15836047	uc007yhu.1_5utr	+	1	0,	69	69	3
chr16	15862923	15863369	uc007yhw.1_5utr	-	2	0,299,	9,147	156	8
chr16	15862923	15863322	uc007yhv.1_5utr	-	1	0,	399	399	20
chr16	15887285	15887324	uc007yhx.1_5utr	+	1	0,	39	39	2
chr16	16037653	16114981	uc012abm.2_5utr	-	3	0,15612,77173,	56,251,155	462	23
chr16	16073220	16073445	uc007yhy.2_5utr	-	1	0,	225	225	11
chr16	16146777	16146851	uc007yhz.2_5utr	-	1	0,	74	74	4
chr16	16146777	16146851	uc007yia.2_5utr	-	1	0,	74	74	4
chr16	16213344	16213372	uc007yib.1_5utr	+	1	0,	28	28	1
chr16	16213344	16213372	uc007yid.1_5utr	+	1	0,	28	28	1
chr16	16213344	16213372	uc007yic.1_5utr	+	1	0,	28	28	1
chr16	16302964	16302983	uc007yif.2_5utr	+	1	0,	19	19	1
chr16	16302964	16302983	uc007yig.2_5utr	+	1	0,	19	19	1
chr16	16302964	16302983	uc007yie.2_5utr	+	1	0,	19	19	1
chr16	16316790	16317446	uc007yii.2_5utr	-	1	0,	656	656	33
chr16	16338601	16358575	uc007yij.2_5utr	-	5	0,2394,2820,7396,19897,	78,72,47,148,77	422	21
chr16	16346000	16358575	uc007yik.2_5utr	-	2	0,12498,	145,77	222	11
chr16	16358865	16359031	uc007yio.2_5utr	-	1	0,	166	166	8
chr16	16358865	16359031	uc007yil.2_5utr	-	1	0,	166	166	8
chr16	16358865	16359031	uc007yim.2_5utr	-	1	0,	166	166	8
chr16	16358865	16359031	uc007yin.2_5utr	-	1	0,	166	166	8
chr16	16484007	16560219	uc012abn.3_5utr	-	4	0,6415,20089,76029,	590,184,120,183	1077	54
chr16	16484557	16560219	uc007yiu.3_5utr	-	3	0,19428,75479,	40,231,183	454	23
chr16	16490514	16527411	uc007yip.2_5utr	-	3	0,13582,36734,	92,120,163	375	19
chr16	16490514	16504216	uc007yis.1_5utr	-	2	0,13582,	92,120	212	11
chr16	16490514	16560219	uc007yiq.2_5utr	-	3	0,13582,69522,	92,120,183	395	20
chr16	16490514	16560219	uc007yit.3_5utr	-	3	0,13582,69522,	92,120,183	395	20
chr16	16490514	16559990	uc007yiw.1_5utr	-	3	0,13471,69430,	92,231,46	369	18
chr16	16490514	16600551	uc007yiv.1_5utr	-	3	0,13582,109937,	92,120,100	312	16
chr16	16504144	16600345	uc007yiy.1_5utr	-	2	0,96087,	72,114	186	9
chr16	16599928	16599978	uc007yir.2_5utr	-	1	0,	50	50	2
chr16	16599928	16599978	uc007yix.2_5utr	-	1	0,	50	50	2
chr16	16820183	16820196	uc033gxy.1_5utr	-	1	0,	13	13	1
chr16	16829074	16829320	uc007yjc.1_5utr	-	1	0,	246	246	12
chr16	16829219	16829363	uc007yjb.2_5utr	-	1	0,	144	144	7
chr16	16863889	16863985	uc007yje.1_5utr	-	1	0,	96	96	5
chr16	16869111	16869255	uc007yjg.2_5utr	-	1	0,	144	144	7
chr16	16870756	16877946	uc007yjj.1_5utr	+	3	0,4315,7075,	73,84,115	272	14
chr16	16870756	16877946	uc007yji.1_5utr	+	2	0,7075,	73,115	188	9
chr16	16870756	16877946	uc007yjh.1_5utr	+	2	0,7075,	73,115	188	9
chr16	16870890	16877946	uc007yjk.1_5utr	+	2	0,6941,	165,115	280	14
chr16	16884211	16884325	uc007yjl.1_5utr	+	1	0,	114	114	6
chr16	16886879	16886957	uc007yjm.1_5utr	+	1	0,	78	78	4
chr16	16887831	16890583	uc007yjn.1_5utr	+	3	0,1651,2750,	174,779,2	955	48
chr16	16896468	16903388	uc007yjo.2_5utr	+	2	0,6855,	156,65	221	11
chr16	16983381	16983626	uc007yjq.1_5utr	+	1	0,	245	245	12
chr16	16983381	16983626	uc007yjr.1_5utr	+	1	0,	245	245	12
chr16	16983381	16983626	uc007yjs.1_5utr	+	1	0,	245	245	12
chr16	17070138	17074690	uc056zbb.1_5utr	+	2	0,4488,	225,64	289	14
chr16	17070138	17070336	uc007yjv.2_5utr	+	1	0,	198	198	10
chr16	17070138	17077937	uc007yju.2_5utr	+	2	0,7636,	225,163	388	19
chr16	17111174	17111252	uc007yjz.2_5utr	-	1	0,	78	78	4
chr16	17111174	17111252	uc007yjy.2_5utr	-	1	0,	78	78	4
chr16	17111174	17111252	uc007yjx.2_5utr	-	1	0,	78	78	4
chr16	17121517	17125106	uc007yka.1_5utr	-	3	0,1994,3472,	34,143,117	294	15
chr16	17121517	17125106	uc007ykb.1_5utr	-	2	0,3472,	34,117	151	8
chr16	17132310	17132383	uc007ykc.2_5utr	-	1	0,	73	73	4
chr16	17144082	17144209	uc007ykd.1_5utr	-	1	0,	127	127	6
chr16	17144082	17144423	uc007yke.1_5utr	-	2	0,294,	66,47	113	6
chr16	17144620	17146982	uc007ykg.1_5utr	+	4	0,587,1341,2346,	318,174,118,16	626	31
chr16	17146936	17146982	uc007ykh.1_5utr	+	1	0,	46	46	2
chr16	17146948	17147344	uc007yki.1_5utr	+	1	0,	396	396	20
chr16	17146966	17146982	uc007ykk.1_5utr	+	1	0,	16	16	1
chr16	17146966	17146982	uc007ykj.2_5utr	+	1	0,	16	16	1
chr16	17201461	17201492	uc007ykl.1_5utr	-	1	0,	31	31	2
chr16	17201461	17201492	uc007ykm.1_5utr	-	1	0,	31	31	2
chr16	17208134	17208713	uc007ykn.2_5utr	+	1	0,	579	579	29
chr16	17233586	17255040	uc007yko.1_5utr	+	2	0,21381,	144,73	217	11
chr16	17276299	17276313	uc012abr.1_5utr	+	1	0,	14	14	1
chr16	17276676	17277226	uc007ykp.1_5utr	+	1	0,	550	550	28
chr16	17276961	17277226	uc012abs.1_5utr	+	1	0,	265	265	13
chr16	17284732	17284963	uc007ykq.2_5utr	-	1	0,	231	231	12
chr16	17331370	17336310	uc007yks.2_5utr	+	2	0,4794,	77,146	223	11
chr16	17389439	17406314	uc007ykr.2_5utr	-	2	0,16815,	18,60	78	4
chr16	17405798	17405862	uc007ykt.1_5utr	-	1	0,	64	64	3
chr16	17405999	17406122	uc007yku.1_5utr	+	1	0,	123	123	6
chr16	17451984	17452477	uc033gya.1_5utr	+	1	0,	493	493	25
chr16	17451984	17452477	uc007ykv.2_5utr	+	1	0,	493	493	25
chr16	17489610	17492072	uc007ykw.2_5utr	+	2	0,2310,	68,152	220	11
chr16	17489676	17492072	uc007yky.2_5utr	+	3	0,1616,2244,	215,191,152	558	28
chr16	17489676	17492072	uc007ykx.2_5utr	+	3	0,1616,2244,	215,191,152	558	28
chr16	17491920	17492072	uc056zbd.1_5utr	+	1	0,	152	152	8
chr16	17508970	17509027	uc007ykz.1_5utr	+	1	0,	57	57	3
chr16	17508970	17509027	uc007yla.1_5utr	+	1	0,	57	57	3
chr16	17520890	17520905	uc007ylb.1_5utr	+	1	0,	15	15	1
chr16	17531024	17531052	uc007yld.1_5utr	-	1	0,	28	28	1
chr16	17561211	17561247	uc007yle.2_5utr	-	1	0,	36	36	2
chr16	17561211	17561247	uc007ylf.2_5utr	-	1	0,	36	36	2
chr16	17561884	17562013	uc012abt.1_5utr	+	1	0,	129	129	6
chr16	17561884	17562013	uc007yli.2_5utr	+	1	0,	129	129	6
chr16	17575933	17576671	uc007ylk.1_5utr	-	2	0,706,	32,32	64	3
chr16	17575933	17576206	uc007ylj.1_5utr	-	2	0,147,	32,126	158	8
chr16	17619353	17621486	uc007yll.2_5utr	+	2	0,2088,	81,45	126	6
chr16	17619353	17621486	uc007ylm.2_5utr	+	2	0,2088,	81,45	126	6
chr16	17619353	17621486	uc007yln.2_5utr	+	2	0,2088,	81,45	126	6
chr16	17619353	17621486	uc007ylo.2_5utr	+	2	0,2088,	81,45	126	6
chr16	17619353	17626655	uc007ylp.2_5utr	+	5	0,2088,4551,6366,7285,	81,84,87,819,17	1088	54
chr16	17626510	17626655	uc007ylq.1_5utr	+	1	0,	145	145	7
chr16	17646469	17646524	uc012abv.1_5utr	+	1	0,	55	55	3
chr16	17698156	17722947	uc007ylv.2_5utr	-	3	0,8242,24599,	36,85,192	313	16
chr16	17722823	17722947	uc007yly.2_5utr	-	1	0,	124	124	6
chr16	17722823	17722947	uc007ylt.2_5utr	-	1	0,	124	124	6
chr16	17722823	17722947	uc007ylx.2_5utr	-	1	0,	124	124	6
chr16	17722823	17722947	uc007ylu.2_5utr	-	1	0,	124	124	6
chr16	17722823	17722947	uc007ylw.2_5utr	-	1	0,	124	124	6
chr16	17722823	17722947	uc007yls.2_5utr	-	1	0,	124	124	6
chr16	17759620	17764419	uc007ymb.2_5utr	+	2	0,4763,	86,36	122	6
chr16	17759620	17764419	uc007ymc.2_5utr	+	2	0,4763,	86,36	122	6
chr16	17759662	17764419	uc007ylz.1_5utr	+	2	0,4721,	32,36	68	3
chr16	17797281	17797378	uc007ymd.1_5utr	+	1	0,	97	97	5
chr16	17797281	17797378	uc007yme.1_5utr	+	1	0,	97	97	5
chr16	17803381	17804872	uc007ymf.1_5utr	+	3	0,355,924,	219,129,567	915	46
chr16	17833118	17833137	uc012abw.1_5utr	+	1	0,	19	19	1
chr16	17838107	17838186	uc007ymg.1_5utr	-	1	0,	79	79	4
chr16	17856881	17858579	uc033gyd.1_5utr	-	3	0,376,1478,	47,77,220	344	17
chr16	17856881	17891728	uc033gyc.1_5utr	-	5	0,376,1478,15681,34504,	47,77,1167,123,343	1757	88
chr16	17856881	17893468	uc007ymj.2_5utr	-	6	0,376,1478,2522,15681,36520,	47,77,211,123,123,67	648	32
chr16	17891464	17891728	uc007ymi.3_5utr	-	1	0,	264	264	13
chr16	17891464	17891728	uc033gyb.1_5utr	-	1	0,	264	264	13
chr16	17891464	17891728	uc012abx.2_5utr	-	1	0,	264	264	13
chr16	17894202	17894352	uc007ymk.1_5utr	+	1	0,	150	150	8
chr16	17898636	17898734	uc007yml.1_5utr	+	1	0,	98	98	5
chr16	17911305	17911348	uc007ymm.1_5utr	-	1	0,	43	43	2
chr16	17911305	17911348	uc007ymn.1_5utr	-	1	0,	43	43	2
chr16	17915042	17915059	uc012aby.1_5utr	-	1	0,	17	17	1
chr16	17928079	17928219	uc007ymp.2_5utr	-	1	0,	140	140	7
chr16	18052859	18065158	uc007ymr.2_5utr	+	2	0,12193,	262,106	368	18
chr16	18066402	18066489	uc007ymt.2_5utr	+	1	0,	87	87	4
chr16	18066402	18066489	uc029swj.2_5utr	+	1	0,	87	87	4
chr16	18089157	18089190	uc007ymu.1_5utr	-	1	0,	33	33	2
chr16	18089157	18089190	uc007yms.1_5utr	-	1	0,	33	33	2
chr16	18127705	18127880	uc007ymv.1_5utr	+	1	0,	175	175	9
chr16	18235010	18235136	uc007ymx.1_5utr	-	1	0,	126	126	6
chr16	18248562	18248694	uc007ymy.1_5utr	-	1	0,	132	132	7
chr16	18248871	18249497	uc029swl.1_5utr	+	1	0,	626	626	31
chr16	18248882	18249230	uc007ync.2_5utr	+	1	0,	348	348	17
chr16	18248882	18249230	uc007ymz.2_5utr	+	1	0,	348	348	17
chr16	18248882	18249277	uc007yna.2_5utr	+	1	0,	395	395	20
chr16	18249004	18249497	uc007ynb.2_5utr	+	1	0,	493	493	25
chr16	18249485	18249497	uc007ynd.1_5utr	+	1	0,	12	12	1
chr16	18283406	18284535	uc007yne.1_5utr	-	1	0,	1129	1129	56
chr16	18284416	18284696	uc007yng.1_5utr	-	1	0,	280	280	14
chr16	18284416	18289168	uc007ynh.1_5utr	-	3	0,684,4686,	280,208,66	554	28
chr16	18284416	18289168	uc007ynf.1_5utr	-	2	0,4686,	280,66	346	17
chr16	18324412	18343932	uc007ynk.2_5utr	-	2	0,19482,	38,38	76	4
chr16	18348181	18389177	uc007ynm.2_5utr	+	3	0,4604,40978,	275,52,18	345	17
chr16	18348181	18389177	uc007ynl.2_5utr	+	3	0,4604,40978,	275,52,18	345	17
chr16	18380782	18389177	uc007ynn.1_5utr	+	2	0,8377,	176,18	194	10
chr16	18380782	18389177	uc007yno.1_5utr	+	2	0,8377,	176,18	194	10
chr16	18392562	18392691	uc007ynr.2_5utr	+	1	0,	129	129	6
chr16	18392562	18392691	uc007ynp.2_5utr	+	1	0,	129	129	6
chr16	18392562	18392691	uc007ynq.2_5utr	+	1	0,	129	129	6
chr16	18392562	18392691	uc007yns.2_5utr	+	1	0,	129	129	6
chr16	18413265	18413494	uc012acf.1_5utr	-	1	0,	229	229	11
chr16	18424303	18426716	uc007ynv.2_5utr	-	2	0,2052,	57,361	418	21
chr16	18426355	18426716	uc007ynu.2_5utr	-	1	0,	361	361	18
chr16	18426416	18426444	uc007yny.1_5utr	+	1	0,	28	28	1
chr16	18426416	18426444	uc007ynx.1_5utr	+	1	0,	28	28	1
chr16	18428696	18428721	uc007ynz.1_5utr	+	1	0,	25	25	1
chr16	18498712	18540450	uc007yoa.2_5utr	+	3	0,333,41722,	139,95,16	250	12
chr16	18498712	18544168	uc007yob.2_5utr	+	5	0,333,41722,42259,45402,	139,95,141,126,54	555	28
chr16	18498870	18540450	uc007yoe.2_5utr	+	3	0,175,41564,	81,95,16	192	10
chr16	18498870	18540450	uc007yof.2_5utr	+	3	0,175,41564,	81,95,16	192	10
chr16	18498870	18540450	uc007yod.2_5utr	+	3	0,175,41564,	81,95,16	192	10
chr16	18585132	18586969	uc033gyg.1_5utr	-	2	0,1407,	4,430	434	22
chr16	18586939	18586969	uc007yog.2_5utr	-	1	0,	30	30	2
chr16	18588020	18590671	uc007yoh.2_5utr	-	2	0,2608,	86,43	129	6
chr16	18621366	18622403	uc012aci.1_5utr	-	1	0,	1037	1037	52
chr16	18621580	18622403	uc007yoi.1_5utr	-	1	0,	823	823	41
chr16	18629850	18629938	uc007yoj.1_5utr	-	1	0,	88	88	4
chr16	18629850	18629938	uc012acj.1_5utr	-	1	0,	88	88	4
chr16	18776846	18776995	uc007yok.2_5utr	+	1	0,	149	149	7
chr16	18811565	18811972	uc007yom.2_5utr	-	2	0,238,	144,169	313	16
chr16	18811565	18811709	uc007yol.2_5utr	-	1	0,	144	144	7
chr16	18812293	18812414	uc007yon.2_5utr	+	1	0,	121	121	6
chr16	18812293	18815333	uc012acl.1_5utr	+	3	0,2536,3035,	124,107,5	236	12
chr16	18836579	18836595	uc007yoo.1_5utr	+	1	0,	16	16	1
chr16	18876523	18876637	uc007yop.2_5utr	-	1	0,	114	114	6
chr16	18876749	18877482	uc007yoq.1_5utr	+	1	0,	733	733	37
chr16	18876749	18896485	uc012acm.1_5utr	+	4	0,18024,19153,19704,	770,63,25,32	890	44
chr16	18877036	18896485	uc007yor.1_5utr	+	3	0,17737,19417,	178,63,32	273	14
chr16	19706264	19706365	uc007ypb.1_5utr	-	1	0,	101	101	5
chr16	19760233	19769032	uc007ypd.2_5utr	+	5	0,407,4874,5267,8510,	244,187,107,121,289	948	47
chr16	19760233	19769032	uc012acn.1_5utr	+	6	0,407,3917,4874,5267,8510,	244,187,203,107,121,289	1151	58
chr16	19760233	19769032	uc007ypc.2_5utr	+	4	0,407,4874,8510,	244,187,107,289	827	41
chr16	19983003	19983049	uc007ypg.2_5utr	-	1	0,	46	46	2
chr16	20097553	20106723	uc007yph.1_5utr	+	3	0,4438,9109,	118,63,61	242	12
chr16	20141062	20150460	uc012aco.1_5utr	+	2	0,9379,	173,19	192	10
chr16	20141062	20150460	uc007ypi.2_5utr	+	2	0,9379,	173,19	192	10
chr16	20141062	20152967	uc007ypj.2_5utr	+	2	0,11846,	173,59	232	12
chr16	20152908	20152967	uc012acp.1_5utr	+	1	0,	59	59	3
chr16	20241313	20241358	uc007ypk.1_5utr	-	1	0,	45	45	2
chr16	20302327	20302362	uc007ypm.1_5utr	-	1	0,	35	35	2
chr16	20313892	20314358	uc012acs.1_5utr	-	2	0,305,	9,161	170	8
chr16	20313892	20325404	uc007ypn.1_5utr	-	5	0,305,1062,9005,11438,	9,161,150,109,74	503	25
chr16	20335183	20335226	uc007ypo.1_5utr	-	1	0,	43	43	2
chr16	20422433	20426394	uc007ypp.1_5utr	-	2	0,3814,	52,147	199	10
chr16	20422433	20426394	uc007yps.1_5utr	-	2	0,3814,	52,147	199	10
chr16	20422433	20425986	uc007ypr.1_5utr	-	2	0,3414,	52,139	191	10
chr16	20422433	20426394	uc007ypt.1_5utr	-	2	0,3814,	52,147	199	10
chr16	20498816	20498913	uc007ypu.2_5utr	+	1	0,	97	97	5
chr16	20517063	20517194	uc007ypw.1_5utr	+	1	0,	131	131	7
chr16	20517063	20523037	uc007ypv.1_5utr	+	2	0,5192,	292,782	1074	54
chr16	20517063	20517194	uc007ypx.1_5utr	+	1	0,	131	131	7
chr16	20535479	20537660	uc007ypy.2_5utr	+	2	0,2138,	122,43	165	8
chr16	20537617	20537660	uc033gyi.2_5utr	+	1	0,	43	43	2
chr16	20548602	20548672	uc007ypz.1_5utr	+	1	0,	70	70	4
chr16	20589581	20591161	uc007yqb.1_5utr	+	5	0,575,888,1091,1570,	65,125,62,226,10	488	24
chr16	20589581	20591161	uc012acu.1_5utr	+	5	0,575,888,1091,1570,	65,125,62,226,10	488	24
chr16	20590089	20591161	uc012acv.1_5utr	+	2	0,1047,	809,25	834	42
chr16	20602774	20604085	uc029swo.1_5utr	+	1	0,	1311	1311	66
chr16	20610670	20610749	uc007yqf.2_5utr	-	1	0,	79	79	4
chr16	20610738	20610749	uc007yqe.2_5utr	-	1	0,	11	11	1
chr16	20611600	20611624	uc007yqj.1_5utr	+	1	0,	24	24	1
chr16	20611600	20611624	uc007yqh.1_5utr	+	1	0,	24	24	1
chr16	20611600	20611624	uc007yqi.1_5utr	+	1	0,	24	24	1
chr16	20611600	20611624	uc007yqg.1_5utr	+	1	0,	24	24	1
chr16	20621194	20621278	uc007yqk.2_5utr	-	1	0,	84	84	4
chr16	20629850	20630008	uc012acx.1_5utr	+	1	0,	158	158	8
chr16	20629850	20630008	uc007yqn.1_5utr	+	1	0,	158	158	8
chr16	20629850	20632792	uc007yql.1_5utr	+	4	0,1246,2681,2897,	197,216,125,45	583	29
chr16	20629850	20630008	uc007yqm.1_5utr	+	1	0,	158	158	8
chr16	20632747	20632792	uc007yqp.1_5utr	+	1	0,	45	45	2
chr16	20651651	20651716	uc007yqq.2_5utr	+	1	0,	65	65	3
chr16	20651651	20652279	uc007yqr.2_5utr	+	2	0,500,	200,128	328	16
chr16	20672726	20673901	uc012acy.2_5utr	+	2	0,1141,	150,34	184	9
chr16	20672726	20673901	uc007yqt.2_5utr	+	2	0,1141,	150,34	184	9
chr16	20672726	20673901	uc007yqw.2_5utr	+	2	0,1141,	150,34	184	9
chr16	20672726	20673901	uc007yqu.2_5utr	+	3	0,872,1141,	150,57,34	241	12
chr16	20672726	20673901	uc007yqv.2_5utr	+	2	0,1141,	150,34	184	9
chr16	20672726	20673901	uc007yqs.2_5utr	+	2	0,1141,	150,34	184	9
chr16	20695056	20695089	uc007yqx.1_5utr	+	1	0,	33	33	2
chr16	20715995	20716977	uc012ada.1_5utr	-	1	0,	982	982	49
chr16	20717825	20717921	uc007yqz.1_5utr	+	1	0,	96	96	5
chr16	20729076	20730598	uc033gyk.1_5utr	-	2	0,1426,	141,96	237	12
chr16	20729076	20730598	uc007yra.2_5utr	-	2	0,1426,	141,96	237	12
chr16	20729076	20734511	uc007yrb.1_5utr	-	2	0,5185,	141,250	391	20
chr16	20729076	20730598	uc033gyj.1_5utr	-	2	0,1426,	141,96	237	12
chr16	20733126	20733147	uc007yre.2_5utr	+	1	0,	21	21	1
chr16	20733126	20733147	uc007yrd.1_5utr	+	1	0,	21	21	1
chr16	20733126	20733147	uc007yrc.1_5utr	+	1	0,	21	21	1
chr16	20733126	20733147	uc012add.1_5utr	+	1	0,	21	21	1
chr16	20733126	20736917	uc012adc.1_5utr	+	14	0,404,880,1146,1360,1559,1735,1990,2244,2454,2619,2910,3137,3782,	169,104,130,129,100,88,101,142,129,83,148,107,179,9	1618	81
chr16	21153817	21153944	uc007yrf.2_5utr	-	1	0,	127	127	6
chr16	21204794	21205169	uc007yrg.1_5utr	+	1	0,	375	375	19
chr16	21211094	21214927	uc012adg.1_5utr	+	4	0,1795,3230,3699,	1530,65,348,134	2077	104
chr16	21216816	21220777	uc007yrh.1_5utr	+	7	0,1198,1678,1977,2222,2638,3603,	535,351,125,160,109,53,358	1691	85
chr16	21423117	21434910	uc012adh.1_5utr	+	2	0,11569,	108,224	332	17
chr16	21423117	21434910	uc007yrj.2_5utr	+	2	0,11569,	108,224	332	17
chr16	21423117	21434910	uc012adi.2_5utr	+	2	0,11622,	108,171	279	14
chr16	21434739	21434910	uc056zbl.1_5utr	+	1	0,	171	171	9
chr16	21470116	21470203	uc012adj.1_5utr	+	1	0,	87	87	4
chr16	21531279	21531342	uc007yrk.1_5utr	+	1	0,	63	63	3
chr16	21694405	21694665	uc007yrl.2_5utr	-	1	0,	260	260	13
chr16	21787780	21787834	uc007yrm.2_5utr	-	1	0,	54	54	3
chr16	21947486	21947552	uc007yrs.2_5utr	-	1	0,	66	66	3
chr16	21981414	21995542	uc012adl.1_5utr	-	3	0,2427,13906,	30,427,222	679	34
chr16	21995369	21995542	uc007yru.1_5utr	-	1	0,	173	173	9
chr16	21995369	21995542	uc007yrv.1_5utr	-	1	0,	173	173	9
chr16	21995369	21995542	uc012adk.1_5utr	-	1	0,	173	173	9
chr16	22009483	22009641	uc007yrw.2_5utr	+	1	0,	158	158	8
chr16	22009483	22011600	uc007yrx.2_5utr	+	2	0,2010,	259,107	366	18
chr16	22009483	22014206	uc012adm.1_5utr	+	2	0,4640,	259,83	342	17
chr16	22028540	22036484	uc007yry.2_5utr	+	3	0,3563,6992,	52,61,952	1065	53
chr16	22121249	22121274	uc007yrz.1_5utr	-	1	0,	25	25	1
chr16	22161280	22161335	uc007ysa.1_5utr	-	1	0,	55	55	3
chr16	22162963	22163299	uc007ysb.1_5utr	-	1	0,	336	336	17
chr16	22254440	22265929	uc007ysd.1_5utr	-	4	0,543,4545,11300,	130,134,276,189	729	36
chr16	22265776	22265929	uc007ysc.1_5utr	-	1	0,	153	153	8
chr16	22436482	22439570	uc007yse.1_5utr	-	2	0,3034,	78,54	132	7
chr16	22436482	22436560	uc012adn.1_5utr	-	1	0,	78	78	4
chr16	22622261	22657231	uc007ysg.2_5utr	-	2	0,34687,	175,283	458	23
chr16	22622261	22657231	uc007ysh.2_5utr	-	2	0,34687,	175,283	458	23
chr16	22811355	22811410	uc007ysj.2_5utr	-	1	0,	55	55	3
chr16	22842064	22857540	uc007ysk.1_5utr	-	2	0,15430,	43,46	89	4
chr16	22842064	22857569	uc007ysm.1_5utr	-	2	0,15280,	43,225	268	13
chr16	22842064	22857544	uc007ysn.1_5utr	-	2	0,14690,	43,790	833	42
chr16	22842064	22857569	uc007ysl.1_5utr	-	2	0,15280,	43,225	268	13
chr16	22857844	22858041	uc007ysp.2_5utr	+	1	0,	197	197	10
chr16	22857844	22858041	uc007yso.2_5utr	+	1	0,	197	197	10
chr16	22857844	22858041	uc012adp.1_5utr	+	1	0,	197	197	10
chr16	22892014	22892114	uc033gyp.1_5utr	+	1	0,	100	100	5
chr16	22892014	22892114	uc007ysr.2_5utr	+	1	0,	100	100	5
chr16	22892014	22892114	uc033gyn.1_5utr	+	1	0,	100	100	5
chr16	22918381	22929075	uc007yss.1_5utr	+	2	0,10693,	209,1	210	10
chr16	22920221	22929075	uc007yst.1_5utr	+	2	0,8853,	274,1	275	14
chr16	22920221	22921852	uc007ysv.1_5utr	+	2	0,1527,	274,104	378	19
chr16	22920221	22929638	uc007ysu.1_5utr	+	2	0,9411,	274,6	280	14
chr16	22951071	22951122	uc007ysw.2_5utr	+	1	0,	51	51	3
chr16	23028909	23029101	uc007ysz.1_5utr	-	1	0,	192	192	10
chr16	23028909	23029101	uc007ysy.1_5utr	-	1	0,	192	192	10
chr16	23028909	23029101	uc007ysx.1_5utr	-	1	0,	192	192	10
chr16	23058299	23058443	uc007ytc.1_5utr	+	1	0,	144	144	7
chr16	23058299	23058443	uc007yta.1_5utr	+	1	0,	144	144	7
chr16	23058299	23058443	uc007ytb.1_5utr	+	1	0,	144	144	7
chr16	23107467	23108788	uc007ytg.3_5utr	+	3	0,1120,1251,	353,46,70	469	23
chr16	23107467	23107791	uc007ytf.3_5utr	+	1	0,	324	324	16
chr16	23107467	23107791	uc007ytd.3_5utr	+	1	0,	324	324	16
chr16	23127530	23127730	uc007yti.1_5utr	-	2	0,154,	11,46	57	3
chr16	23127530	23127730	uc007yth.1_5utr	-	2	0,154,	11,46	57	3
chr16	23146535	23155224	uc007ytk.1_5utr	+	2	0,8681,	106,8	114	6
chr16	23224739	23321080	uc007yto.2_5utr	+	4	0,32219,92824,96293,	490,143,135,48	816	41
chr16	23225029	23225330	uc007ytn.2_5utr	-	1	0,	301	301	15
chr16	23226020	23321080	uc029swp.1_5utr	+	4	0,30938,91543,95012,	159,143,135,48	485	24
chr16	23290469	23321080	uc007ytp.2_5utr	+	3	0,27094,30563,	169,135,48	352	18
chr16	23429132	23429178	uc007ytq.1_5utr	+	1	0,	46	46	2
chr16	23520550	23520590	uc007ytr.1_5utr	-	1	0,	40	40	2
chr16	23520550	23520590	uc007ytu.1_5utr	-	1	0,	40	40	2
chr16	23520550	23520590	uc007ytt.1_5utr	-	1	0,	40	40	2
chr16	23520550	23520590	uc007yts.1_5utr	-	1	0,	40	40	2
chr16	23609918	23609988	uc007ytw.2_5utr	+	1	0,	70	70	4
chr16	23890744	23890844	uc007ytx.1_5utr	-	1	0,	100	100	5
chr16	23930698	23930794	uc007yty.1_5utr	-	1	0,	96	96	5
chr16	23977675	23988612	uc007ytz.1_5utr	-	3	0,875,10899,	11,39,38	88	4
chr16	24393349	24608124	uc007yud.2_5utr	+	5	0,49431,63483,166242,214766,	255,110,110,66,9	550	28
chr16	24393349	24608124	uc007yue.2_5utr	+	5	0,49431,63483,166242,214766,	255,110,110,66,9	550	28
chr16	24393349	24608124	uc007yub.2_5utr	+	5	0,49431,63483,166242,214766,	255,110,110,66,9	550	28
chr16	24393349	24608124	uc007yuc.2_5utr	+	5	0,49431,63483,166242,214766,	255,110,110,66,9	550	28
chr16	24393737	24608124	uc007yuf.1_5utr	+	5	0,49043,63095,165854,214378,	46,110,110,66,9	341	17
chr16	24448090	24608124	uc007yug.2_5utr	+	4	0,8742,111501,160025,	158,110,66,9	343	17
chr16	24529313	24529393	uc029swq.1_5utr	+	1	0,	80	80	4
chr16	24721854	24721986	uc007yuh.2_5utr	+	1	0,	132	132	7
chr16	24973727	24973860	uc007yuj.2_5utr	+	1	0,	133	133	7
chr16	25286816	25317260	uc007yul.1_5utr	+	2	0,30435,	206,9	215	11
chr16	25286816	25317260	uc007yum.1_5utr	+	2	0,30435,	206,9	215	11
chr16	25683764	25684289	uc007yun.2_5utr	+	1	0,	525	525	26
chr16	25683764	25684289	uc007yuq.2_5utr	+	1	0,	525	525	26
chr16	25683764	25684289	uc007yup.2_5utr	+	1	0,	525	525	26
chr16	25683764	25684289	uc007yuo.2_5utr	+	1	0,	525	525	26
chr16	25801915	25802059	uc007yuw.2_5utr	+	1	0,	144	144	7
chr16	25801915	25802059	uc007yuu.2_5utr	+	1	0,	144	144	7
chr16	25801915	25802059	uc007yur.2_5utr	+	1	0,	144	144	7
chr16	25801915	25802059	uc007yus.2_5utr	+	1	0,	144	144	7
chr16	25801915	25802059	uc007yut.2_5utr	+	1	0,	144	144	7
chr16	25801915	25802059	uc007yuv.2_5utr	+	1	0,	144	144	7
chr16	25865676	25868195	uc007yux.1_5utr	+	3	0,398,2490,	106,125,29	260	13
chr16	26105683	26105784	uc007yuy.1_5utr	-	1	0,	101	101	5
chr16	26371626	26371839	uc007yuz.2_5utr	-	1	0,	213	213	11
chr16	26463134	26463485	uc007yva.2_5utr	+	1	0,	351	351	18
chr16	26463255	26463485	uc007yvb.2_5utr	+	2	0,217,	117,13	130	6
chr16	26526714	26526771	uc012adv.1_5utr	-	1	0,	57	57	3
chr16	26581704	26624155	uc007yvg.2_5utr	+	2	0,42450,	182,1	183	9
chr16	26581704	26624155	uc007yve.2_5utr	+	2	0,42450,	182,1	183	9
chr16	26581704	26624155	uc007yvd.2_5utr	+	2	0,42450,	182,1	183	9
chr16	26581704	26624155	uc007yvf.2_5utr	+	2	0,42450,	182,1	183	9
chr16	26967843	26968245	uc007yvi.1_5utr	-	1	0,	402	402	20
chr16	26989929	26991652	uc007yvj.2_5utr	-	2	0,1543,	110,180	290	14
chr16	26989960	26991652	uc007yvk.2_5utr	-	2	0,1512,	79,180	259	13
chr16	27307640	27307701	uc007yvl.1_5utr	+	1	0,	61	61	3
chr16	27370136	27370239	uc007yvm.1_5utr	-	1	0,	103	103	5
chr16	27388955	27389088	uc007yvn.3_5utr	+	1	0,	133	133	7
chr16	27388955	27389088	uc007yvp.3_5utr	+	1	0,	133	133	7
chr16	27388955	27389088	uc007yvo.3_5utr	+	1	0,	133	133	7
chr16	27388955	27435563	uc007yvq.3_5utr	+	7	0,16691,17695,18065,20368,28292,46606,	182,63,127,46,91,118,2	629	31
chr16	28445191	28446075	uc007yvu.2_5utr	-	1	0,	884	884	44
chr16	28445191	28446075	uc007yvr.3_5utr	-	1	0,	884	884	44
chr16	28564665	28564951	uc007yvs.3_5utr	-	1	0,	286	286	14
chr16	28752846	28753243	uc007yvt.3_5utr	-	2	0,299,	130,98	228	11
chr16	28929663	28929698	uc007yvv.1_5utr	-	1	0,	35	35	2
chr16	29209694	29209809	uc007yvw.1_5utr	+	1	0,	115	115	6
chr16	29210161	29210309	uc007yvx.1_5utr	+	1	0,	148	148	7
chr16	29378537	29378732	uc007yvy.2_5utr	-	1	0,	195	195	10
chr16	29378537	29378732	uc012aeb.1_5utr	-	1	0,	195	195	10
chr16	29408086	29408325	uc007yvz.2_5utr	-	1	0,	239	239	12
chr16	29440048	29440131	uc007ywc.1_5utr	-	1	0,	83	83	4
chr16	29459493	29544864	uc007ywb.2_5utr	-	8	0,9747,15894,16064,20262,30516,81750,85220,	74,70,81,71,47,174,142,151	810	40
chr16	29541306	29541483	uc007ywa.2_5utr	-	1	0,	177	177	9
chr16	29541306	29541483	uc012aec.1_5utr	-	1	0,	177	177	9
chr16	29541306	29544864	uc007ywd.2_5utr	-	2	0,3407,	79,151	230	12
chr16	29579333	29579539	uc007ywe.2_5utr	+	1	0,	206	206	10
chr16	29579333	29579539	uc007ywg.2_5utr	+	1	0,	206	206	10
chr16	29579333	29579539	uc007ywf.2_5utr	+	1	0,	206	206	10
chr16	30065356	30065590	uc007ywl.1_5utr	+	1	0,	234	234	12
chr16	30260881	30267532	uc007ywm.1_5utr	-	2	0,6575,	3,76	79	4
chr16	30274519	30283254	uc007ywn.2_5utr	-	2	0,8648,	3,87	90	4
chr16	30309854	30310781	uc007ywo.2_5utr	-	2	0,900,	2,27	29	1
chr16	30366885	30388530	uc012aef.1_5utr	-	3	0,20721,21462,	50,46,183	279	14
chr16	30366885	30388530	uc012aee.1_5utr	-	3	0,20721,21462,	50,46,183	279	14
chr16	30545183	30550842	uc007ywu.1_5utr	-	3	0,2159,4209,	36,127,1450	1613	81
chr16	30545183	30550578	uc007ywr.1_5utr	-	4	0,2159,4209,5179,	36,127,65,216	444	22
chr16	30545183	30550842	uc007ywt.1_5utr	-	3	0,2159,4209,	36,127,1450	1613	81
chr16	30545183	30550578	uc007yws.1_5utr	-	4	0,2159,4209,5179,	36,127,69,216	448	22
chr16	30550499	30550578	uc007ywq.1_5utr	-	1	0,	79	79	4
chr16	30587536	30587589	uc007ywv.1_5utr	-	1	0,	53	53	3
chr16	30599722	30600599	uc007ywy.2_5utr	+	1	0,	877	877	44
chr16	31081335	31081432	uc007yxa.2_5utr	-	1	0,	97	97	5
chr16	31200991	31201238	uc007yxc.1_5utr	-	1	0,	247	247	12
chr16	31200991	31201238	uc007yxb.1_5utr	-	1	0,	247	247	12
chr16	31200991	31201238	uc012aeh.1_5utr	-	1	0,	247	247	12
chr16	31274970	31275277	uc007yxe.1_5utr	-	1	0,	307	307	15
chr16	31274970	31275277	uc007yxd.1_5utr	-	1	0,	307	307	15
chr16	31311136	31314808	uc007yxg.2_5utr	-	3	0,3262,3415,	28,66,257	351	18
chr16	31311136	31314808	uc007yxf.2_5utr	-	3	0,3262,3415,	28,70,257	355	18
chr16	31311136	31314808	uc007yxh.2_5utr	-	2	0,3415,	28,257	285	14
chr16	31422296	31438034	uc007yxi.2_5utr	+	2	0,15695,	216,43	259	13
chr16	31428752	31438034	uc007yxk.2_5utr	+	2	0,9239,	235,43	278	14
chr16	31428752	31447657	uc007yxj.2_5utr	+	5	0,9239,16593,17839,18800,	235,126,88,73,105	627	31
chr16	31429402	31438034	uc007yxl.2_5utr	+	2	0,8589,	189,43	232	12
chr16	31618132	31618244	uc007yxn.1_5utr	+	1	0,	112	112	6
chr16	31663442	31664851	uc007yxo.2_5utr	+	2	0,1378,	46,31	77	4
chr16	31663934	31664851	uc007yxs.2_5utr	+	2	0,886,	387,31	418	21
chr16	31663934	31664851	uc007yxr.2_5utr	+	2	0,886,	387,31	418	21
chr16	31663934	31664851	uc007yxp.2_5utr	+	2	0,886,	387,31	418	21
chr16	31754349	31754782	uc007yxt.2_5utr	+	1	0,	433	433	22
chr16	31791714	31791853	uc007yxu.1_5utr	+	1	0,	139	139	7
chr16	31878809	31878926	uc007yxv.1_5utr	+	1	0,	117	117	6
chr16	31933850	31941982	uc007yxx.2_5utr	+	2	0,8062,	193,70	263	13
chr16	31948448	31948521	uc007yxy.2_5utr	-	1	0,	73	73	4
chr16	31948545	31948649	uc007yxz.2_5utr	+	1	0,	104	104	5
chr16	31990434	31990465	uc007yyb.1_5utr	-	1	0,	31	31	2
chr16	31990434	32003287	uc007yyc.2_5utr	-	2	0,12557,	31,296	327	16
chr16	31990434	32003287	uc007yya.2_5utr	-	2	0,12557,	31,296	327	16
chr16	32052362	32079342	uc007yyd.2_5utr	-	2	0,26725,	21,255	276	14
chr16	32099569	32099727	uc007yye.3_5utr	-	1	0,	158	158	8
chr16	32099569	32099727	uc012aei.2_5utr	-	1	0,	158	158	8
chr16	32099801	32103917	uc007yyf.1_5utr	+	3	0,3165,4082,	310,78,34	422	21
chr16	32147660	32147881	uc007yyg.1_5utr	-	1	0,	221	221	11
chr16	32147660	32165476	uc007yyj.1_5utr	-	2	0,17719,	13,97	110	6
chr16	32162308	32165476	uc007yyh.1_5utr	-	2	0,3071,	1089,97	1186	59
chr16	32165415	32165476	uc007yyi.1_5utr	-	1	0,	61	61	3
chr16	32179799	32186375	uc007yyk.1_5utr	+	3	0,4166,6386,	102,122,190	414	21
chr16	32246811	32247025	uc007yyl.1_5utr	-	1	0,	214	214	11
chr16	32247226	32251838	uc012aej.1_5utr	+	2	0,4596,	41,16	57	3
chr16	32247252	32251838	uc007yym.2_5utr	+	2	0,4570,	273,16	289	14
chr16	32277460	32278108	uc007yyo.2_5utr	+	1	0,	648	648	32
chr16	32332251	32332287	uc007yyr.2_5utr	+	1	0,	36	36	2
chr16	32332251	32332287	uc007yyp.2_5utr	+	1	0,	36	36	2
chr16	32332251	32332287	uc007yyq.2_5utr	+	1	0,	36	36	2
chr16	32400505	32405835	uc012ael.1_5utr	+	2	0,5329,	423,1	424	21
chr16	32419701	32419808	uc007yyt.1_5utr	+	1	0,	107	107	5
chr16	32419701	32419808	uc007yyu.1_5utr	+	1	0,	107	107	5
chr16	32430920	32451714	uc007yyw.2_5utr	+	2	0,20784,	111,10	121	6
chr16	32431019	32451714	uc012aem.1_5utr	+	2	0,20685,	275,10	285	14
chr16	32431229	32451714	uc012aen.1_5utr	+	2	0,20475,	209,10	219	11
chr16	32487522	32487879	uc007yyx.1_5utr	-	1	0,	357	357	18
chr16	32496280	32497086	uc007yyy.1_5utr	+	2	0,708,	43,98	141	7
chr16	32608895	32613190	uc007yza.2_5utr	+	2	0,4272,	141,23	164	8
chr16	32608895	32613190	uc007yyz.2_5utr	+	2	0,4272,	141,23	164	8
chr16	32624441	32626626	uc007yzb.2_5utr	+	3	0,542,2107,	385,82,78	545	27
chr16	32644642	32663756	uc012aeo.1_5utr	+	2	0,19096,	466,18	484	24
chr16	32644642	32663756	uc007yzc.2_5utr	+	2	0,19096,	466,18	484	24
chr16	32668220	32669440	uc007yze.2_5utr	+	2	0,1166,	222,54	276	14
chr16	32673153	32677912	uc007yzf.3_5utr	+	3	0,2368,4740,	127,195,19	341	17
chr16	32673153	32677912	uc033gyx.1_5utr	+	3	0,2368,4740,	127,195,19	341	17
chr16	32735885	32736379	uc012aeq.1_5utr	+	1	0,	494	494	25
chr16	32776282	32776821	uc007yzh.1_5utr	+	2	0,504,	71,35	106	5
chr16	32797392	32797435	uc012aer.1_5utr	-	1	0,	43	43	2
chr16	32797392	32797435	uc007yzi.2_5utr	-	1	0,	43	43	2
chr16	32810434	32810446	uc029swv.1_5utr	-	1	0,	12	12	1
chr16	32824807	32824920	uc007yzj.2_5utr	-	1	0,	113	113	6
chr16	32838321	32838501	uc007yzk.2_5utr	-	1	0,	180	180	9
chr16	32856930	32877766	uc007yzn.1_5utr	-	2	0,20332,	115,504	619	31
chr16	32868160	32868366	uc007yzm.2_5utr	-	1	0,	206	206	10
chr16	32868160	32868366	uc007yzl.2_5utr	-	1	0,	206	206	10
chr16	32877783	32877893	uc007yzo.2_5utr	+	1	0,	110	110	6
chr16	32877783	32877893	uc007yzp.2_5utr	+	1	0,	110	110	6
chr16	32877783	32877893	uc007yzq.2_5utr	+	1	0,	110	110	6
chr16	32878129	32891386	uc012aes.1_5utr	+	4	0,5994,10000,13135,	21,129,100,122	372	19
chr16	32914099	32914141	uc012aet.1_5utr	+	1	0,	42	42	2
chr16	32914099	32914141	uc012aeu.1_5utr	+	1	0,	42	42	2
chr16	32914099	32914141	uc007yzs.1_5utr	+	1	0,	42	42	2
chr16	32914099	32914141	uc007yzr.1_5utr	+	1	0,	42	42	2
chr16	33053631	33056186	uc007yzt.2_5utr	-	2	0,2519,	63,36	99	5
chr16	33056452	33057167	uc007yzu.2_5utr	+	2	0,683,	58,32	90	4
chr16	33056481	33057167	uc007yzw.2_5utr	+	2	0,654,	74,32	106	5
chr16	33056513	33057167	uc007yzv.2_5utr	+	2	0,622,	104,32	136	7
chr16	33062520	33062548	uc007yzx.1_5utr	+	1	0,	28	28	1
chr16	33062530	33062548	uc056zbx.1_5utr	+	1	0,	18	18	1
chr16	33185070	33185803	uc007yzy.2_5utr	+	1	0,	733	733	37
chr16	33251455	33251460	uc007yzz.1_5utr	+	1	0,	5	5	0
chr16	33380774	33434641	uc007zab.1_5utr	+	4	0,40546,46419,53851,	253,82,136,16	487	24
chr16	33400444	33434641	uc007zac.1_5utr	+	4	0,20876,26749,34181,	114,82,136,16	348	17
chr16	33518594	33534908	uc007zae.1_5utr	+	2	0,16269,	79,45	124	6
chr16	33596561	33606170	uc007zaf.1_5utr	+	2	0,9604,	386,5	391	20
chr16	33596561	33606170	uc007zag.1_5utr	+	2	0,9604,	386,5	391	20
chr16	33684465	33684611	uc007zai.1_5utr	+	1	0,	146	146	7
chr16	33684465	33684611	uc007zah.1_5utr	+	1	0,	146	146	7
chr16	33794036	33794526	uc007zal.1_5utr	+	2	0,392,	96,98	194	10
chr16	33794366	33794526	uc007zam.1_5utr	+	1	0,	160	160	8
chr16	33829664	33829960	uc007zao.2_5utr	+	1	0,	296	296	15
chr16	33829664	33829960	uc007zan.2_5utr	+	1	0,	296	296	15
chr16	33962016	33967003	uc007zaq.1_5utr	-	2	0,4809,	224,178	402	20
chr16	33966981	33967003	uc007zap.1_5utr	-	1	0,	22	22	1
chr16	33977663	33978726	uc007zar.2_5utr	-	1	0,	1063	1063	53
chr16	34095880	34097090	uc007zat.1_5utr	-	1	0,	1210	1210	60
chr16	34095880	34097090	uc007zas.1_5utr	-	1	0,	1210	1210	60
chr16	34262660	34262965	uc007zav.1_5utr	-	1	0,	305	305	15
chr16	34262660	34263200	uc007zaw.1_5utr	-	2	0,509,	159,31	190	10
chr16	34262660	34262965	uc007zay.1_5utr	-	1	0,	305	305	15
chr16	34513980	34514027	uc007zax.2_5utr	-	1	0,	47	47	2
chr16	34513980	34514027	uc012aew.1_5utr	-	1	0,	47	47	2
chr16	34651210	34666695	uc007zaz.1_5utr	+	2	0,15473,	65,12	77	4
chr16	34690615	34690657	uc007zba.2_5utr	+	1	0,	42	42	2
chr16	34690615	34690657	uc007zbb.2_5utr	+	1	0,	42	42	2
chr16	34745209	34815437	uc007zbc.1_5utr	+	2	0,70225,	161,3	164	8
chr16	34784949	34785003	uc007zbd.1_5utr	+	1	0,	54	54	3
chr16	34900241	34912244	uc007zbe.1_5utr	+	2	0,11905,	83,98	181	9
chr16	34921512	34921876	uc007zbf.1_5utr	+	1	0,	364	364	18
chr16	34958851	34958994	uc029swx.1_5utr	-	1	0,	143	143	7
chr16	34994863	34995115	uc007zbh.1_5utr	+	1	0,	252	252	13
chr16	35022420	35022480	uc007zbi.1_5utr	+	1	0,	60	60	3
chr16	35155635	35156098	uc007zbj.1_5utr	+	1	0,	463	463	23
chr16	35361742	35363918	uc007zbk.1_5utr	-	2	0,2081,	17,95	112	6
chr16	35361742	35361759	uc012aex.1_5utr	-	1	0,	17	17	1
chr16	35490764	35490873	uc007zbl.1_5utr	-	1	0,	109	109	5
chr16	35541361	35622626	uc012aez.1_5utr	+	2	0,81215,	241,50	291	15
chr16	35541361	35622626	uc007zbm.2_5utr	+	2	0,81215,	241,50	291	15
chr16	35769241	35769356	uc007zbo.1_5utr	-	1	0,	115	115	6
chr16	35770385	35770475	uc007zbp.1_5utr	+	1	0,	90	90	4
chr16	35770385	35817299	uc007zbr.1_5utr	+	5	0,16804,31151,43532,46766,	154,186,182,126,148	796	40
chr16	35770385	35770475	uc007zbq.1_5utr	+	1	0,	90	90	4
chr16	35871353	35871382	uc007zbs.2_5utr	-	1	0,	29	29	1
chr16	35871353	35871382	uc012afb.1_5utr	-	1	0,	29	29	1
chr16	35871353	35871382	uc007zbu.2_5utr	-	1	0,	29	29	1
chr16	35871353	35871382	uc007zbt.2_5utr	-	1	0,	29	29	1
chr16	35938469	35948150	uc012afc.2_5utr	+	3	0,2563,9031,	591,103,650	1344	67
chr16	35938469	35941120	uc007zbx.1_5utr	+	2	0,2563,	591,88	679	34
chr16	35938469	35941120	uc007zby.2_5utr	+	2	0,2563,	591,88	679	34
chr16	35938877	35939027	uc007zbw.1_5utr	-	1	0,	150	150	8
chr16	35938877	35939027	uc007zbv.1_5utr	-	1	0,	150	150	8
chr16	35983362	36000186	uc007zcb.1_5utr	+	2	0,16819,	146,5	151	8
chr16	35983362	36000186	uc007zca.1_5utr	+	2	0,16819,	146,5	151	8
chr16	36041189	36041512	uc007zcc.1_5utr	+	1	0,	323	323	16
chr16	36071503	36071515	uc007zcd.1_5utr	-	1	0,	12	12	1
chr16	36071659	36072086	uc012afd.1_5utr	+	1	0,	427	427	21
chr16	36071659	36072086	uc007zce.2_5utr	+	1	0,	427	427	21
chr16	36081274	36081382	uc012afe.1_5utr	+	1	0,	108	108	5
chr16	36131050	36131189	uc007zcf.1_5utr	-	1	0,	139	139	7
chr16	36156810	36156836	uc007zcg.1_5utr	+	1	0,	26	26	1
chr16	36184211	36184259	uc007zch.1_5utr	+	1	0,	48	48	2
chr16	36221561	36253045	uc012aff.1_5utr	+	2	0,31452,	85,32	117	6
chr16	36221561	36253045	uc007zcj.2_5utr	+	3	0,17262,31452,	85,62,32	179	9
chr16	36277147	36277195	uc007zck.1_5utr	+	1	0,	48	48	2
chr16	36334293	36334332	uc007zcl.1_5utr	-	1	0,	39	39	2
chr16	36367501	36367570	uc007zcm.1_5utr	-	1	0,	69	69	3
chr16	36408333	36408363	uc007zcn.1_5utr	-	1	0,	30	30	2
chr16	36455364	36455392	uc007zco.1_5utr	-	1	0,	28	28	1
chr16	36517786	36562134	uc007zcp.1_5utr	-	2	0,44067,	242,281	523	26
chr16	36517786	36562134	uc012afg.1_5utr	-	2	0,44067,	242,281	523	26
chr16	36665961	36666077	uc007zcq.2_5utr	-	1	0,	116	116	6
chr16	36693977	36694159	uc007zcr.2_5utr	+	1	0,	182	182	9
chr16	36693977	36694159	uc007zcs.2_5utr	+	1	0,	182	182	9
chr16	36693977	36694159	uc007zct.2_5utr	+	1	0,	182	182	9
chr16	36693977	36694159	uc007zcu.2_5utr	+	1	0,	182	182	9
chr16	36784792	36784962	uc012afh.1_5utr	-	1	0,	170	170	8
chr16	36784792	36784962	uc007zcv.2_5utr	-	1	0,	170	170	8
chr16	36808108	36808705	uc012afi.1_5utr	-	2	0,514,	52,83	135	7
chr16	36808108	36874826	uc007zcy.1_5utr	-	4	0,2363,16549,66519,	52,137,95,199	483	24
chr16	36828156	36828259	uc007zcx.1_5utr	-	1	0,	103	103	5
chr16	36828399	36831514	uc007zdb.2_5utr	+	3	0,604,3102,	93,70,13	176	9
chr16	36828406	36831514	uc007zda.1_5utr	+	3	0,597,3095,	33,70,13	116	6
chr16	36875201	36886135	uc007zdd.1_5utr	+	3	0,9809,10929,	62,178,5	245	12
chr16	36875201	36886135	uc007zde.2_5utr	+	2	0,10929,	62,5	67	3
chr16	36885010	36887259	uc012afj.1_5utr	+	2	0,2228,	178,21	199	10
chr16	36885010	36886135	uc007zdh.2_5utr	+	2	0,1123,	178,2	180	9
chr16	36885010	36886135	uc012afk.1_5utr	+	2	0,1123,	178,2	180	9
chr16	36934982	36935074	uc007zdi.2_5utr	+	1	0,	92	92	5
chr16	36970605	36970765	uc007zdj.1_5utr	-	1	0,	160	160	8
chr16	36978751	36979136	uc007zdk.1_5utr	-	1	0,	385	385	19
chr16	36978751	36990216	uc007zdl.1_5utr	-	2	0,11352,	27,113	140	7
chr16	37011785	37011899	uc007zdp.2_5utr	+	1	0,	114	114	6
chr16	37011785	37017237	uc007zdn.2_5utr	+	5	0,1321,3293,4527,5413,	274,180,131,96,39	720	36
chr16	37011785	37017237	uc007zdo.2_5utr	+	5	0,1321,3293,4527,5413,	274,180,131,96,39	720	36
chr16	37011785	37011899	uc007zdm.2_5utr	+	1	0,	114	114	6
chr16	37040435	37040598	uc007zdq.1_5utr	+	1	0,	163	163	8
chr16	37085920	37086641	uc007zdr.2_5utr	+	1	0,	721	721	36
chr16	37383697	37384958	uc007zdx.2_5utr	-	2	0,1112,	8,149	157	8
chr16	37383697	37384958	uc007zdw.2_5utr	-	2	0,1112,	8,149	157	8
chr16	37383697	37384958	uc007zdz.2_5utr	-	2	0,1112,	8,149	157	8
chr16	37383697	37384958	uc007zdu.2_5utr	-	2	0,1112,	8,149	157	8
chr16	37383697	37384958	uc007zea.2_5utr	-	2	0,1112,	8,149	157	8
chr16	37383697	37384958	uc007zdy.2_5utr	-	2	0,1112,	8,149	157	8
chr16	37383697	37384958	uc012afn.1_5utr	-	2	0,1112,	8,149	157	8
chr16	37383697	37384958	uc012afl.1_5utr	-	2	0,1112,	8,149	157	8
chr16	37383697	37384958	uc012afm.1_5utr	-	2	0,1112,	8,149	157	8
chr16	37383697	37384958	uc007zdt.2_5utr	-	2	0,1112,	8,149	157	8
chr16	37383697	37384958	uc007zds.2_5utr	-	2	0,1112,	8,149	157	8
chr16	37383697	37384958	uc007zdv.2_5utr	-	2	0,1112,	8,149	157	8
chr16	37536168	37539769	uc007zeb.1_5utr	-	2	0,3484,	25,117	142	7
chr16	37539893	37539914	uc007zed.1_5utr	+	1	0,	21	21	1
chr16	37539893	37539914	uc007zec.1_5utr	+	1	0,	21	21	1
chr16	37580152	37580321	uc007zeg.2_5utr	+	1	0,	169	169	8
chr16	37580152	37580321	uc007zef.2_5utr	+	1	0,	169	169	8
chr16	37580152	37588709	uc007zeh.2_5utr	+	2	0,8538,	184,19	203	10
chr16	37654359	37654368	uc007zei.1_5utr	-	1	0,	9	9	0
chr16	37777054	37777152	uc007zej.1_5utr	+	1	0,	98	98	5
chr16	37868399	37868495	uc007zek.1_5utr	+	1	0,	96	96	5
chr16	37916495	37947723	uc007zel.1_5utr	+	2	0,30872,	120,356	476	24
chr16	38089000	38090525	uc007zen.1_5utr	+	1	0,	1525	1525	76
chr16	38144259	38170681	uc007zeo.1_5utr	+	2	0,26404,	194,18	212	11
chr16	38266101	38294824	uc007zep.1_5utr	-	2	0,28416,	28,307	335	17
chr16	38266101	38294824	uc007zeq.1_5utr	-	2	0,28416,	28,307	335	17
chr16	38341777	38341860	uc007zer.1_5utr	-	1	0,	83	83	4
chr16	38341777	38341860	uc007zes.1_5utr	-	1	0,	83	83	4
chr16	38346998	38347100	uc007zet.1_5utr	+	1	0,	102	102	5
chr16	38362189	38362656	uc007zev.2_5utr	+	1	0,	467	467	23
chr16	38362189	38362656	uc007zeu.2_5utr	+	1	0,	467	467	23
chr16	38432876	38433145	uc007zew.1_5utr	-	1	0,	269	269	13
chr16	38450441	38452689	uc007zex.1_5utr	-	2	0,2087,	42,161	203	10
chr16	38455560	38459180	uc007zez.2_5utr	+	2	0,3416,	152,204	356	18
chr16	38458932	38459180	uc007zfa.1_5utr	+	1	0,	248	248	12
chr16	38458976	38459156	uc012afo.1_5utr	+	1	0,	180	180	9
chr16	38522534	38522663	uc012afp.1_5utr	-	1	0,	129	129	6
chr16	38522534	38522663	uc029sxe.1_5utr	-	1	0,	129	129	6
chr16	38548532	38550256	uc007zfd.2_5utr	-	3	0,810,1550,	49,294,174	517	26
chr16	38550167	38550256	uc007zfc.2_5utr	-	1	0,	89	89	4
chr16	38558697	38564188	uc029sxf.1_5utr	+	2	0,5417,	65,74	139	7
chr16	38562813	38564188	uc007zfe.2_5utr	+	2	0,1301,	317,74	391	20
chr16	38562813	38564188	uc007zff.2_5utr	+	2	0,1301,	317,74	391	20
chr16	38712673	38713035	uc007zfg.1_5utr	-	1	0,	362	362	18
chr16	38712673	38713035	uc007zfh.1_5utr	-	1	0,	362	362	18
chr16	38742258	38752146	uc007zfi.3_5utr	+	2	0,9743,	177,145	322	16
chr16	38742258	38752146	uc007zfj.3_5utr	+	2	0,9743,	110,145	255	13
chr16	38788043	38800203	uc007zfm.2_5utr	-	2	0,12104,	19,56	75	4
chr16	38828745	38828749	uc007zfn.1_5utr	-	1	0,	4	4	0
chr16	38828745	38828749	uc007zfo.1_5utr	-	1	0,	4	4	0
chr16	38902344	38902507	uc007zfp.1_5utr	+	1	0,	163	163	8
chr16	39984370	39984660	uc007zfr.1_5utr	+	1	0,	290	290	14
chr16	41533341	41533376	uc007zfs.1_5utr	+	1	0,	35	35	2
chr16	41533341	41533376	uc007zft.1_5utr	+	1	0,	35	35	2
chr16	42340502	42340651	uc007zfv.1_5utr	-	1	0,	149	149	7
chr16	42907644	43577182	uc007zga.3_5utr	+	8	0,117293,325114,394924,555302,662036,664089,669385,	77,50,62,47,40,101,58,153	588	29
chr16	43247283	43609346	uc007zge.2_5utr	+	6	0,55285,215663,322397,330277,362043,	136,47,40,101,188,20	532	27
chr16	43247283	43577182	uc012afq.1_5utr	+	6	0,55285,215663,322397,324450,329746,	136,47,40,101,58,153	535	27
chr16	43247283	43577182	uc007zgd.2_5utr	+	5	0,55285,215663,322397,329746,	136,47,40,101,153	477	24
chr16	43664087	43664184	uc012afs.1_5utr	-	1	0,	97	97	5
chr16	43878031	43889676	uc007zgm.1_5utr	-	4	0,2267,2797,11535,	2,56,385,110	553	28
chr16	43878031	43926808	uc007zgl.1_5utr	-	4	0,2267,2936,48655,	2,56,246,122	426	21
chr16	43881192	43881213	uc012aft.1_5utr	-	1	0,	21	21	1
chr16	43881195	43889676	uc007zgj.1_5utr	-	2	0,8371,	18,110	128	6
chr16	43889901	43889990	uc007zgo.2_5utr	+	1	0,	89	89	4
chr16	43906787	43906879	uc007zgn.2_5utr	+	1	0,	92	92	5
chr16	43974195	43979093	uc012afu.1_5utr	-	2	0,4712,	21,186	207	10
chr16	43979050	43979077	uc007zgp.1_5utr	-	1	0,	27	27	1
chr16	43979050	43979093	uc007zgq.1_5utr	-	1	0,	43	43	2
chr16	43979050	43979093	uc012afv.1_5utr	-	1	0,	43	43	2
chr16	43979050	43979788	uc007zgr.1_5utr	-	2	0,408,	27,330	357	18
chr16	44012962	44016436	uc007zgt.2_5utr	-	2	0,3125,	75,349	424	21
chr16	44012962	44027945	uc012afw.1_5utr	-	2	0,14864,	75,119	194	10
chr16	44116868	44139019	uc007zgu.1_5utr	-	2	0,22093,	14,58	72	4
chr16	44116868	44139019	uc007zgw.1_5utr	-	2	0,22079,	14,72	86	4
chr16	44116868	44139019	uc007zgv.1_5utr	-	2	0,22079,	14,72	86	4
chr16	44139808	44140103	uc007zgy.1_5utr	+	1	0,	295	295	15
chr16	44139808	44144892	uc007zgz.1_5utr	+	2	0,4972,	303,112	415	21
chr16	44139808	44140103	uc012afx.1_5utr	+	1	0,	295	295	15
chr16	44139808	44140103	uc007zha.1_5utr	+	1	0,	295	295	15
chr16	44173396	44200631	uc012afy.2_5utr	+	4	0,25507,25722,27217,	114,118,49,18	299	15
chr16	44199097	44200631	uc012afz.2_5utr	+	2	0,1516,	70,18	88	4
chr16	44332528	44332838	uc007zhd.1_5utr	-	1	0,	310	310	16
chr16	44332528	44332838	uc033gzb.1_5utr	-	1	0,	310	310	16
chr16	44332528	44332996	uc007zhe.1_5utr	-	1	0,	468	468	23
chr16	44332528	44332838	uc033gza.1_5utr	-	1	0,	310	310	16
chr16	44347400	44357774	uc007zhf.2_5utr	+	2	0,10359,	106,15	121	6
chr16	44347400	44347506	uc007zhg.2_5utr	+	1	0,	106	106	5
chr16	44370023	44370696	uc007zhh.1_5utr	+	2	0,656,	355,17	372	19
chr16	44394798	44401425	uc012agb.1_5utr	+	2	0,6622,	50,5	55	3
chr16	44394798	44401425	uc007zhi.1_5utr	+	2	0,6622,	50,5	55	3
chr16	44470443	44478906	uc007zhk.1_5utr	+	2	0,8461,	420,2	422	21
chr16	44521240	44558870	uc007zhm.1_5utr	-	2	0,37197,	95,433	528	26
chr16	44521240	44558870	uc007zhn.1_5utr	-	2	0,37197,	95,433	528	26
chr16	44521240	44558870	uc007zhl.1_5utr	-	2	0,37197,	95,433	528	26
chr16	44724300	44724362	uc007zho.2_5utr	+	1	0,	62	62	3
chr16	44726166	44729271	uc007zhp.1_5utr	+	2	0,3075,	1016,30	1046	52
chr16	44746337	44746363	uc012agd.1_5utr	-	1	0,	26	26	1
chr16	44746337	44746363	uc007zhq.2_5utr	-	1	0,	26	26	1
chr16	44765735	44766008	uc007zhr.2_5utr	+	1	0,	273	273	14
chr16	44811784	44832868	uc007zht.1_5utr	+	5	0,8943,18514,20290,21073,	60,232,233,63,11	599	30
chr16	44820727	44820895	uc007zhu.1_5utr	+	1	0,	168	168	8
chr16	44867096	44877960	uc007zhv.1_5utr	+	2	0,10696,	45,168	213	11
chr16	44943677	44943772	uc007zhx.2_5utr	+	1	0,	95	95	5
chr16	44943677	44943772	uc007zia.2_5utr	+	1	0,	95	95	5
chr16	44943677	44943772	uc007zie.2_5utr	+	1	0,	95	95	5
chr16	44943677	44943772	uc007zib.2_5utr	+	1	0,	95	95	5
chr16	44943677	44943772	uc007zid.2_5utr	+	1	0,	95	95	5
chr16	44943677	44943772	uc007zhw.2_5utr	+	1	0,	95	95	5
chr16	44943677	44943772	uc007zic.2_5utr	+	1	0,	95	95	5
chr16	44943677	44943772	uc007zhz.2_5utr	+	1	0,	95	95	5
chr16	44943677	44943772	uc007zhy.2_5utr	+	1	0,	95	95	5
chr16	45093675	45094882	uc007zif.1_5utr	+	3	0,353,1196,	194,397,11	602	30
chr16	45094028	45094882	uc007zig.1_5utr	+	2	0,843,	397,11	408	20
chr16	45157626	45158673	uc007zih.2_5utr	-	2	0,755,	20,292	312	16
chr16	45158828	45159099	uc007zii.1_5utr	+	1	0,	271	271	14
chr16	45165882	45171671	uc007zij.1_5utr	+	3	0,3983,5763,	1147,71,26	1244	62
chr16	45224336	45224352	uc007zik.1_5utr	+	1	0,	16	16	1
chr16	45224336	45224352	uc007zil.1_5utr	+	1	0,	16	16	1
chr16	45397106	45409053	uc007zin.1_5utr	-	3	0,3115,11749,	189,82,198	469	23
chr16	45408867	45409053	uc007zim.1_5utr	-	1	0,	186	186	9
chr16	45454909	45454978	uc056zcb.1_5utr	-	1	0,	69	69	3
chr16	45492881	45492969	uc007zip.1_5utr	-	1	0,	88	88	4
chr16	45531987	45532050	uc056zcc.1_5utr	-	1	0,	63	63	3
chr16	45535265	45539584	uc007ziq.2_5utr	+	2	0,4225,	117,94	211	11
chr16	45539490	45550084	uc012agf.1_5utr	+	7	0,1885,3637,5199,7878,8109,10583,	248,101,129,166,116,126,11	897	45
chr16	45610439	45610531	uc007zis.2_5utr	+	1	0,	92	92	5
chr16	45610439	45610531	uc007zir.2_5utr	+	1	0,	92	92	5
chr16	45654041	45654118	uc012agh.1_5utr	-	1	0,	77	77	4
chr16	45680665	45685376	uc007ziu.1_5utr	-	5	0,907,2732,3905,4579,	83,39,202,68,132	524	26
chr16	45693654	45693658	uc007ziv.1_5utr	-	1	0,	4	4	0
chr16	45724306	45724531	uc007ziw.1_5utr	-	1	0,	225	225	11
chr16	45742790	45742955	uc007ziz.2_5utr	-	1	0,	165	165	8
chr16	45742891	45742955	uc007zix.3_5utr	-	1	0,	64	64	3
chr16	45742891	45742955	uc007ziy.3_5utr	-	1	0,	64	64	3
chr16	45801623	45801629	uc012agi.2_5utr	-	1	0,	6	6	0
chr16	45826081	45844378	uc012agj.2_5utr	-	2	0,18126,	14,171	185	9
chr16	45826081	45844378	uc007zjb.3_5utr	-	2	0,18126,	14,171	185	9
chr16	45953381	45953598	uc007zjc.1_5utr	-	1	0,	217	217	11
chr16	46009856	46010413	uc007zje.2_5utr	-	1	0,	557	557	28
chr16	46120092	46120248	uc007zjh.2_5utr	-	1	0,	156	156	8
chr16	46120092	46120248	uc007zjf.2_5utr	-	1	0,	156	156	8
chr16	46120092	46120248	uc007zjg.2_5utr	-	1	0,	156	156	8
chr16	46155012	46155077	uc056zce.1_5utr	-	1	0,	65	65	3
chr16	46496774	46496967	uc007zjj.2_5utr	-	1	0,	193	193	10
chr16	46496774	46496967	uc007zjk.3_5utr	-	1	0,	193	193	10
chr16	46496774	46496967	uc007zji.3_5utr	-	1	0,	193	193	10
chr16	48283734	48283817	uc007zjl.1_5utr	+	1	0,	83	83	4
chr16	48283734	48283817	uc007zjm.1_5utr	+	1	0,	83	83	4
chr16	48310273	48310506	uc007zjn.1_5utr	+	1	0,	233	233	12
chr16	48412280	48412416	uc007zjo.1_5utr	-	2	0,108,	4,28	32	2
chr16	48431236	48431340	uc007zjp.1_5utr	+	1	0,	104	104	5
chr16	48611703	48618517	uc007zjq.1_5utr	+	4	0,585,3991,6798,	155,73,67,16	311	16
chr16	48761465	48771956	uc007zjs.1_5utr	-	2	0,10448,	10,43	53	3
chr16	48771950	48771956	uc007zjr.1_5utr	-	1	0,	6	6	0
chr16	48816855	48817212	uc007zju.1_5utr	+	2	0,332,	216,25	241	12
chr16	48842551	48842572	uc007zjv.1_5utr	+	1	0,	21	21	1
chr16	48872607	48872861	uc007zjw.2_5utr	+	2	0,247,	93,7	100	5
chr16	48872837	48872861	uc007zjx.2_5utr	+	1	0,	24	24	1
chr16	48935618	48938582	uc007zjy.1_5utr	-	2	0,2815,	1455,149	1604	80
chr16	48984566	48994112	uc007zjz.2_5utr	-	2	0,9223,	69,323	392	20
chr16	48984566	48994112	uc007zka.2_5utr	-	2	0,9223,	69,323	392	20
chr16	48994187	48994277	uc007zkb.1_5utr	+	1	0,	90	90	4
chr16	49008426	49009147	uc007zkc.1_5utr	+	1	0,	721	721	36
chr16	49015836	49016016	uc007zkd.1_5utr	+	1	0,	180	180	9
chr16	49699293	49699337	uc007zkf.1_5utr	+	1	0,	44	44	2
chr16	49855653	49855786	uc007zkh.1_5utr	+	1	0,	133	133	7
chr16	49855653	49855786	uc007zkg.1_5utr	+	1	0,	133	133	7
chr16	50280530	50432389	uc007zko.2_5utr	-	4	0,50498,148379,151711,	9,74,72,148	303	15
chr16	50280530	50432389	uc007zkq.2_5utr	-	4	0,50498,148379,151711,	9,74,72,148	303	15
chr16	50280530	50330993	uc007zkn.2_5utr	-	2	0,50303,	9,160	169	8
chr16	50280530	50432389	uc007zkp.2_5utr	-	5	0,39769,50498,148379,151711,	9,114,74,72,148	417	21
chr16	50280530	50432389	uc007zkr.2_5utr	-	4	0,50498,148379,151711,	9,74,72,148	303	15
chr16	50280530	50431125	uc007zku.1_5utr	-	4	0,50498,148379,150577,	9,74,72,18	173	9
chr16	50280530	50432389	uc007zks.1_5utr	-	4	0,50498,148379,151580,	9,74,72,279	434	22
chr16	50280530	50429868	uc007zkt.1_5utr	-	4	0,50498,148379,149252,	9,74,72,86	241	12
chr16	50590901	50591154	uc007zkx.1_5utr	-	1	0,	253	253	13
chr16	52031548	52033022	uc007zld.1_5utr	+	2	0,1460,	137,14	151	8
chr16	52031548	52033022	uc007zlg.1_5utr	+	3	0,629,1460,	137,82,14	233	12
chr16	52031548	52033022	uc007zle.1_5utr	+	2	0,1460,	137,14	151	8
chr16	52031548	52033022	uc007zlf.1_5utr	+	2	0,1460,	137,14	151	8
chr16	52032216	52033022	uc007zlh.1_5utr	+	2	0,792,	82,14	96	5
chr16	52452465	52452997	uc012agn.1_5utr	-	1	0,	532	532	27
chr16	52452465	52452997	uc007zli.2_5utr	-	1	0,	532	532	27
chr16	55267299	55283283	uc007zlk.1_5utr	-	3	0,15582,15890,	8,103,94	205	10
chr16	55819695	55838641	uc007zlo.2_5utr	-	3	0,16625,18765,	11,72,181	264	13
chr16	55822053	55838641	uc007zln.2_5utr	-	3	0,14267,16407,	62,72,181	315	16
chr16	55822053	55822138	uc007zlm.2_5utr	-	1	0,	85	85	4
chr16	55890674	55895279	uc007zlq.3_5utr	-	2	0,4253,	175,352	527	26
chr16	55934795	55934848	uc007zlu.3_5utr	-	1	0,	53	53	3
chr16	55934795	55934848	uc007zlt.3_5utr	-	1	0,	53	53	3
chr16	55934795	55934848	uc007zlr.2_5utr	-	1	0,	53	53	3
chr16	55934795	55934848	uc007zls.2_5utr	-	1	0,	53	53	3
chr16	55966274	55966433	uc007zlv.2_5utr	+	1	0,	159	159	8
chr16	55973803	55974061	uc012ago.1_5utr	+	1	0,	258	258	13
chr16	55974298	55974617	uc007zlw.2_5utr	-	1	0,	319	319	16
chr16	55988965	55990332	uc007zlx.1_5utr	+	1	0,	1367	1367	68
chr16	56005191	56005952	uc007zlz.1_5utr	+	1	0,	761	761	38
chr16	56024301	56029717	uc007zmb.2_5utr	-	2	0,5301,	85,115	200	10
chr16	56029666	56029717	uc007zmc.1_5utr	-	1	0,	51	51	3
chr16	56029666	56029717	uc007zma.1_5utr	-	1	0,	51	51	3
chr16	56035270	56037774	uc007zmd.1_5utr	-	2	0,2230,	21,274	295	15
chr16	56075403	56075538	uc007zmh.2_5utr	+	1	0,	135	135	7
chr16	56075403	56075538	uc007zmi.2_5utr	+	1	0,	135	135	7
chr16	56075403	56075538	uc007zmg.2_5utr	+	1	0,	135	135	7
chr16	56075403	56075538	uc007zmj.2_5utr	+	1	0,	135	135	7
chr16	56075476	56075538	uc056zcm.1_5utr	+	1	0,	62	62	3
chr16	56075476	56075538	uc007zmk.1_5utr	+	1	0,	62	62	3
chr16	56180482	56180528	uc007zml.2_5utr	+	1	0,	46	46	2
chr16	56204312	56204537	uc012agq.1_5utr	+	1	0,	225	225	11
chr16	56204312	56204531	uc007zmm.1_5utr	+	1	0,	219	219	11
chr16	56477845	56477913	uc007zmt.2_5utr	+	1	0,	68	68	3
chr16	56477845	56477913	uc012agr.1_5utr	+	1	0,	68	68	3
chr16	56477845	56477913	uc007zmo.2_5utr	+	1	0,	68	68	3
chr16	56477845	56477913	uc007zms.2_5utr	+	1	0,	68	68	3
chr16	56477845	56477913	uc007zmr.2_5utr	+	1	0,	68	68	3
chr16	56477845	56477913	uc007zmq.2_5utr	+	1	0,	68	68	3
chr16	56477845	56477913	uc007zmp.2_5utr	+	1	0,	68	68	3
chr16	56477845	56477913	uc007zmn.2_5utr	+	1	0,	68	68	3
chr16	56477845	56477913	uc007zmu.2_5utr	+	1	0,	68	68	3
chr16	56712794	56717450	uc012ags.2_5utr	-	2	0,4390,	46,266	312	16
chr16	56712794	56717450	uc007zmv.2_5utr	-	2	0,4390,	46,266	312	16
chr16	56795661	56795858	uc007zmw.1_5utr	-	1	0,	197	197	10
chr16	56825855	56886163	uc007zmx.1_5utr	-	2	0,59957,	3,351	354	18
chr16	57071031	57071352	uc012agt.1_5utr	-	1	0,	321	321	16
chr16	57071031	57071346	uc007zmy.2_5utr	-	2	0,254,	106,61	167	8
chr16	57121713	57121861	uc007zmz.1_5utr	+	1	0,	148	148	7
chr16	57167287	57167332	uc007zna.1_5utr	-	1	0,	45	45	2
chr16	57231366	57231466	uc007znb.1_5utr	-	1	0,	100	100	5
chr16	57231366	57231466	uc007znd.1_5utr	-	1	0,	100	100	5
chr16	57290907	57292851	uc007znf.1_5utr	-	1	0,	1944	1944	97
chr16	57290907	57292851	uc007zne.2_5utr	-	2	0,1887,	25,57	82	4
chr16	57353276	57506608	uc012agu.1_5utr	+	2	0,153322,	182,10	192	10
chr16	57549241	57569764	uc007znj.2_5utr	+	2	0,20408,	98,115	213	11
chr16	57606726	57606867	uc007zng.2_5utr	-	1	0,	141	141	7
chr16	57632638	57754737	uc007znl.1_5utr	-	3	0,45698,122001,	3,119,98	220	11
chr16	58408534	58408755	uc007zno.1_5utr	+	1	0,	221	221	11
chr16	58408534	58408755	uc007znp.1_5utr	+	1	0,	221	221	11
chr16	58460198	58460852	uc007znq.1_5utr	+	2	0,533,	358,121	479	24
chr16	58460242	58460905	uc007znr.1_5utr	+	1	0,	663	663	33
chr16	58493768	58524246	uc007znu.2_5utr	-	3	0,13679,30355,	93,167,123	383	19
chr16	58493768	58523312	uc007znt.2_5utr	-	3	0,13679,29307,	93,167,237	497	25
chr16	58493768	58524246	uc007znv.2_5utr	-	4	0,13679,29733,30355,	93,167,171,123	554	28
chr16	58616943	58616978	uc007znx.1_5utr	-	1	0,	35	35	2
chr16	58638373	58638403	uc007zny.1_5utr	-	1	0,	30	30	2
chr16	58670207	58670427	uc007znz.2_5utr	+	1	0,	220	220	11
chr16	58670207	58670427	uc007zoa.2_5utr	+	1	0,	220	220	11
chr16	58727909	58729455	uc007zod.2_5utr	+	3	0,1263,1528,	175,51,18	244	12
chr16	58727909	58729455	uc007zoc.2_5utr	+	2	0,1528,	175,18	193	10
chr16	58727909	58728077	uc029sxs.1_5utr	+	1	0,	168	168	8
chr16	58727909	58729455	uc029sxu.1_5utr	+	2	0,1528,	175,18	193	10
chr16	58727909	58728077	uc029sxt.1_5utr	+	1	0,	168	168	8
chr16	58761174	58761240	uc007zoe.2_5utr	-	1	0,	66	66	3
chr16	58797844	58797942	uc007zof.2_5utr	-	1	0,	98	98	5
chr16	58824707	58826761	uc007zog.1_5utr	-	2	0,1963,	11,91	102	5
chr16	58916639	58918486	uc007zoj.2_5utr	-	2	0,1669,	10,178	188	9
chr16	58926569	58928644	uc007zok.2_5utr	-	2	0,1709,	12,366	378	19
chr16	58995403	58999686	uc007zol.1_5utr	+	2	0,4265,	248,18	266	13
chr16	59036735	59039749	uc007zon.2_5utr	-	2	0,2900,	17,114	131	7
chr16	59471774	59475537	uc007zph.2_5utr	+	2	0,3735,	171,28	199	10
chr16	59471774	59475537	uc007zpg.2_5utr	+	2	0,3735,	171,28	199	10
chr16	59524982	59525614	uc007zpj.2_5utr	-	1	0,	632	632	32
chr16	59555747	59555752	uc007zpk.2_5utr	-	1	0,	5	5	0
chr16	59632433	59639339	uc007zpl.2_5utr	-	2	0,6496,	27,410	437	22
chr16	59632433	59639339	uc007zpm.2_5utr	-	2	0,6496,	27,410	437	22
chr16	59960434	60005721	uc007zpp.1_5utr	-	2	0,45102,	8,185	193	10
chr16	60425366	60605531	uc012agy.1_5utr	-	4	0,58424,101082,179497,	18,120,65,668	871	44
chr16	60605248	60605531	uc007zpq.1_5utr	-	1	0,	283	283	14
chr16	60605248	60605531	uc007zpo.1_5utr	-	1	0,	283	283	14
chr16	62770690	62786716	uc007zpt.2_5utr	-	4	0,5597,15097,15980,	122,96,110,46	374	19
chr16	62786682	62786716	uc007zps.1_5utr	-	1	0,	34	34	2
chr16	62814675	62821822	uc007zpv.1_5utr	+	2	0,7134,	275,13	288	14
chr16	62846743	62847040	uc007zpw.2_5utr	-	1	0,	297	297	15
chr16	62846743	62847040	uc007zpu.2_5utr	-	1	0,	297	297	15
chr16	62854333	62854428	uc007zpx.1_5utr	+	1	0,	95	95	5
chr16	63864047	63864157	uc007zpy.1_5utr	-	1	0,	110	110	6
chr16	63864047	63864157	uc012agz.1_5utr	-	1	0,	110	110	6
chr16	63864047	63864157	uc007zpz.1_5utr	-	1	0,	110	110	6
chr16	64478667	64479134	uc012aha.1_5utr	-	1	0,	467	467	23
chr16	64770863	64770939	uc007zqc.1_5utr	-	1	0,	76	76	4
chr16	64770863	64770939	uc007zqb.1_5utr	-	1	0,	76	76	4
chr16	64786214	64786321	uc007zqd.1_5utr	-	1	0,	107	107	5
chr16	64852084	64855572	uc007zqf.1_5utr	+	3	0,714,3466,	152,227,22	401	20
chr16	64852084	64855572	uc007zqe.1_5utr	+	3	0,714,3469,	152,227,19	398	20
chr16	64926927	65105784	uc007zqg.2_5utr	-	3	0,147194,178697,	42,108,160	310	16
chr16	65523276	65523450	uc029sxz.1_5utr	+	1	0,	174	174	9
chr16	65562508	65562697	uc007zqj.1_5utr	-	1	0,	189	189	9
chr16	65828612	65839477	uc007zql.2_5utr	+	2	0,10596,	95,269	364	18
chr16	67620231	67620908	uc007zqo.2_5utr	-	1	0,	677	677	34
chr16	67620231	67620908	uc007zqn.2_5utr	-	1	0,	677	677	34
chr16	69863612	69863744	uc012ahb.1_5utr	-	1	0,	132	132	7
chr16	70313948	70314152	uc007zqu.2_5utr	+	1	0,	204	204	10
chr16	70313948	70314152	uc007zqt.2_5utr	+	1	0,	204	204	10
chr16	72663148	72664139	uc007zrb.1_5utr	+	1	0,	991	991	50
chr16	72663148	72664139	uc007zra.1_5utr	+	1	0,	991	991	50
chr16	72663148	72664139	uc007zqz.1_5utr	+	1	0,	991	991	50
chr16	72978559	72979948	uc007zrc.1_5utr	+	2	0,1285,	232,104	336	17
chr16	73948266	73956659	uc007zri.1_5utr	-	2	0,8221,	119,172	291	15
chr16	73961871	73961910	uc007zrf.1_5utr	-	1	0,	39	39	2
chr16	74352692	74352877	uc007zrg.1_5utr	-	1	0,	185	185	9
chr16	75585950	75586061	uc007zrn.4_5utr	-	1	0,	111	111	6
chr16	75592890	75592947	uc007zro.1_5utr	+	1	0,	57	57	3
chr16	75766759	75766818	uc007zrp.2_5utr	-	1	0,	59	59	3
chr16	75766759	75766818	uc007zrr.2_5utr	-	1	0,	59	59	3
chr16	75909186	75909266	uc007zrs.1_5utr	-	1	0,	80	80	4
chr16	75909186	75909266	uc007zru.1_5utr	-	1	0,	80	80	4
chr16	75953026	75953332	uc007zrt.1_5utr	-	1	0,	306	306	15
chr16	76294667	76373049	uc007zrx.1_5utr	-	4	0,36078,57804,78204,	348,119,78,178	723	36
chr16	76294667	76373827	uc007zry.1_5utr	-	4	0,36078,57804,79102,	348,119,75,58	600	30
chr16	77014068	77014095	uc007zsb.1_5utr	+	1	0,	27	27	1
chr16	77846603	77846692	uc012ahg.2_5utr	+	1	0,	89	89	4
chr16	78301670	78301831	uc007zso.2_5utr	+	1	0,	161	161	8
chr16	78301670	78301831	uc007zsm.2_5utr	+	1	0,	161	161	8
chr16	78301670	78301831	uc007zsn.2_5utr	+	1	0,	161	161	8
chr16	78373417	78377181	uc012ahh.1_5utr	-	2	0,3750,	6,14	20	1
chr16	78373417	78376810	uc007zsp.2_5utr	-	2	0,3183,	6,210	216	11
chr16	78576047	78576688	uc007zss.3_5utr	-	2	0,343,	7,298	305	15
chr16	78576047	78576688	uc007zsr.3_5utr	-	2	0,143,	7,498	505	25
chr16	78576047	78576688	uc007zst.2_5utr	-	2	0,376,	7,265	272	14
chr16	78576047	78576688	uc012ahi.2_5utr	-	2	0,411,	7,230	237	12
chr16	78930947	78931368	uc012ahj.1_5utr	+	1	0,	421	421	21
chr16	78930947	78931368	uc007zsw.1_5utr	+	1	0,	421	421	21
chr16	78930947	78931368	uc007zsv.1_5utr	+	1	0,	421	421	21
chr16	79054115	79057719	uc007zsx.2_5utr	-	2	0,3495,	25,109	134	7
chr16	79090917	79091097	uc007zsz.2_5utr	-	1	0,	180	180	9
chr16	79090917	79091097	uc007zsy.2_5utr	-	1	0,	180	180	9
chr16	81200696	81200913	uc007zta.2_5utr	+	1	0,	217	217	11
chr16	81200696	81200913	uc007ztb.2_5utr	+	1	0,	217	217	11
chr16	84735217	84735302	uc007zte.2_5utr	-	1	0,	85	85	4
chr16	84774122	84774486	uc007ztg.2_5utr	+	1	0,	364	364	18
chr16	84774122	84774486	uc007ztf.1_5utr	+	1	0,	364	364	18
chr16	84831492	84835625	uc007zti.2_5utr	-	3	0,3316,3928,	15,175,205	395	20
chr16	84831492	84834998	uc056zct.1_5utr	-	2	0,3399,	15,107	122	6
chr16	84831492	84835001	uc056zcu.1_5utr	-	2	0,3449,	15,60	75	4
chr16	84831492	84835022	uc007zth.2_5utr	-	2	0,3316,	15,214	229	11
chr16	84831492	84835625	uc056zcv.1_5utr	-	4	0,2327,3316,3928,	15,55,175,205	450	22
chr16	84834924	84839106	uc007ztj.1_5utr	+	2	0,4156,	99,26	125	6
chr16	84835123	84839106	uc007ztl.1_5utr	+	2	0,3957,	420,26	446	22
chr16	84846123	84846125	uc012ahm.1_5utr	+	1	0,	2	2	0
chr16	85173558	85173707	uc007ztp.2_5utr	-	1	0,	149	149	7
chr16	85173558	85173707	uc012ahn.1_5utr	-	1	0,	149	149	7
chr16	85173558	85173707	uc007ztn.2_5utr	-	1	0,	149	149	7
chr16	85173558	85173707	uc007zto.2_5utr	-	1	0,	149	149	7
chr16	85173558	85173707	uc007ztm.2_5utr	-	1	0,	149	149	7
chr16	85173558	85173707	uc007ztq.2_5utr	-	1	0,	149	149	7
chr16	85550108	85550709	uc007ztu.2_5utr	-	1	0,	601	601	30
chr16	85802710	85803115	uc012aho.1_5utr	-	1	0,	405	405	20
chr16	85900267	85901125	uc007ztw.1_5utr	-	1	0,	858	858	43
chr16	87354184	87354252	uc007zub.1_5utr	+	1	0,	68	68	3
chr16	87354184	87354252	uc007zue.1_5utr	+	1	0,	68	68	3
chr16	87354184	87354252	uc007zud.1_5utr	+	1	0,	68	68	3
chr16	87354184	87354252	uc007zuc.1_5utr	+	1	0,	68	68	3
chr16	87380831	87381193	uc007zuf.1_5utr	-	1	0,	362	362	18
chr16	87426341	87426344	uc007zuh.2_5utr	-	1	0,	3	3	0
chr16	87432467	87432606	uc033gzo.1_5utr	-	1	0,	139	139	7
chr16	87437500	87440592	uc007zui.1_5utr	-	2	0,2936,	14,156	170	8
chr16	87454984	87458681	uc007zuk.2_5utr	+	2	0,3656,	118,41	159	8
chr16	87454984	87458681	uc007zuj.2_5utr	+	2	0,3656,	118,41	159	8
chr16	87472080	87472147	uc012ahp.1_5utr	+	1	0,	67	67	3
chr16	87495788	87495869	uc007zul.1_5utr	-	1	0,	81	81	4
chr16	87553329	87555940	uc012ahq.1_5utr	+	2	0,2572,	266,39	305	15
chr16	87698953	87715390	uc007zup.1_5utr	+	2	0,16377,	103,60	163	8
chr16	87698953	87715390	uc007zuq.1_5utr	+	2	0,16377,	103,60	163	8
chr16	87923275	87923831	uc007zuu.1_5utr	-	1	0,	556	556	28
chr16	88289702	88290258	uc007zur.2_5utr	-	1	0,	556	556	28
chr16	88289702	88290258	uc007zuv.2_5utr	-	1	0,	556	556	28
chr16	88289702	88290258	uc007zux.2_5utr	-	1	0,	556	556	28
chr16	88289702	88290258	uc007zuw.2_5utr	-	1	0,	556	556	28
chr16	88289702	88290258	uc007zus.2_5utr	-	1	0,	556	556	28
chr16	88506839	88506978	uc007zuy.1_5utr	-	1	0,	139	139	7
chr16	88563035	88563183	uc007zuz.2_5utr	-	1	0,	148	148	7
chr16	88612236	88612279	uc012ahr.1_5utr	-	1	0,	43	43	2
chr16	88627601	88627666	uc012ahs.1_5utr	-	1	0,	65	65	3
chr16	88647731	88647796	uc007zva.1_5utr	-	1	0,	65	65	3
chr16	88707907	88707962	uc012ahu.1_5utr	-	1	0,	55	55	3
chr16	88728861	88728889	uc007zvb.1_5utr	+	1	0,	28	28	1
chr16	88751598	88751628	uc007zvc.2_5utr	-	1	0,	30	30	2
chr16	88758846	88758899	uc007zvd.1_5utr	+	1	0,	53	53	3
chr16	88774150	88774206	uc007zve.1_5utr	-	1	0,	56	56	3
chr16	88812182	88812220	uc029syo.1_5utr	-	1	0,	38	38	2
chr16	88820062	88820097	uc029syp.1_5utr	+	1	0,	35	35	2
chr16	88826089	88826145	uc007zvf.1_5utr	-	1	0,	56	56	3
chr16	88829008	88829046	uc007zvg.1_5utr	+	1	0,	38	38	2
chr16	88869397	88869410	uc007zvh.1_5utr	-	1	0,	13	13	1
chr16	88874255	88874269	uc007zvi.1_5utr	-	1	0,	14	14	1
chr16	88877982	88878038	uc007zvj.1_5utr	-	1	0,	56	56	3
chr16	88885066	88885089	uc007zvk.1_5utr	-	1	0,	23	23	1
chr16	88896422	88896449	uc007zvl.1_5utr	-	1	0,	27	27	1
chr16	88932211	88932264	uc007zvm.1_5utr	-	1	0,	53	53	3
chr16	88962823	88962873	uc012ahw.1_5utr	-	1	0,	50	50	2
chr16	89010708	89010759	uc012ahx.1_5utr	-	1	0,	51	51	3
chr16	89015276	89015328	uc012ahy.1_5utr	+	1	0,	52	52	3
chr16	89031698	89031717	uc007zvo.1_5utr	+	1	0,	19	19	1
chr16	89041414	89041472	uc033gzp.1_5utr	-	1	0,	58	58	3
chr16	89047843	89047899	uc012ahz.1_5utr	-	1	0,	56	56	3
chr16	89063944	89064002	uc033gzq.1_5utr	-	1	0,	58	58	3
chr16	89205860	89205913	uc012aia.1_5utr	+	1	0,	53	53	3
chr16	89403752	89403774	uc007zvp.1_5utr	-	1	0,	22	22	1
chr16	89420077	89420111	uc007zvq.1_5utr	-	1	0,	34	34	2
chr16	89487907	89487952	uc007zvr.2_5utr	-	1	0,	45	45	2
chr16	89508262	89508323	uc012aib.1_5utr	-	1	0,	61	61	3
chr16	89571129	89571183	uc012aic.1_5utr	-	1	0,	54	54	3
chr16	89800054	89800069	uc007zvx.1_5utr	-	1	0,	15	15	1
chr16	89818044	89818352	uc007zvs.2_5utr	-	1	0,	308	308	15
chr16	89833169	89837875	uc007zvt.2_5utr	-	2	0,4589,	65,117	182	9
chr16	89898567	89974699	uc007zvv.2_5utr	-	4	0,9979,57368,76016,	11,169,172,116	468	23
chr16	89898567	89960827	uc007zvu.2_5utr	-	4	0,9979,57368,62109,	11,169,172,151	503	25
chr16	89898567	89960827	uc007zvy.1_5utr	-	4	0,9979,57368,62109,	11,169,172,151	503	25
chr16	89898567	90143814	uc007zvw.2_5utr	-	5	0,9979,57368,167953,245117,	11,169,172,52,130	534	27
chr16	90220741	90220857	uc007zvz.1_5utr	+	1	0,	116	116	6
chr16	90220753	90220857	uc029syr.1_5utr	+	1	0,	104	104	5
chr16	90242605	90242730	uc007zwa.2_5utr	-	1	0,	125	125	6
chr16	90258768	90260302	uc007zwf.1_5utr	-	2	0,1372,	78,162	240	12
chr16	90284032	90284425	uc007zwg.1_5utr	-	1	0,	393	393	20
chr16	90284032	90284425	uc007zwe.2_5utr	-	1	0,	393	393	20
chr16	90284032	90284425	uc007zwc.2_5utr	-	1	0,	393	393	20
chr16	90284032	90284425	uc007zwd.2_5utr	-	1	0,	393	393	20
chr16	90284032	90284425	uc007zwb.2_5utr	-	1	0,	393	393	20
chr16	90386396	90386455	uc007zwi.1_5utr	+	1	0,	59	59	3
chr16	90727272	90727371	uc007zwj.1_5utr	-	1	0,	99	99	5
chr16	90738323	90738563	uc007zwl.1_5utr	+	1	0,	240	240	12
chr16	90810340	90810413	uc007zwo.2_5utr	-	1	0,	73	73	4
chr16	90810340	90810413	uc007zwm.2_5utr	-	1	0,	73	73	4
chr16	90810340	90810413	uc007zwn.2_5utr	-	1	0,	73	73	4
chr16	90826718	90866379	uc007zwp.2_5utr	+	4	0,1104,37618,39536,	257,160,153,125	695	35
chr16	90830858	90831272	uc012aif.1_5utr	+	1	0,	414	414	21
chr16	90830858	90831272	uc007zwr.2_5utr	+	1	0,	414	414	21
chr16	90830858	90831272	uc007zwq.2_5utr	+	1	0,	414	414	21
chr16	90934581	90934849	uc007zwu.2_5utr	-	1	0,	268	268	13
chr16	90934720	90934849	uc007zwt.2_5utr	-	1	0,	129	129	6
chr16	91010147	91011095	uc007zwx.2_5utr	-	2	0,825,	22,123	145	7
chr16	91010147	91011095	uc007zww.2_5utr	-	2	0,825,	22,123	145	7
chr16	91011190	91011308	uc012aig.1_5utr	-	1	0,	118	118	6
chr16	91044354	91044379	uc012aih.1_5utr	-	1	0,	25	25	1
chr16	91056246	91069145	uc007zxc.1_5utr	-	3	0,3584,12785,	10,248,114	372	19
chr16	91056246	91069145	uc007zxd.1_5utr	-	2	0,12785,	10,114	124	6
chr16	91225549	91226399	uc007zxe.1_5utr	+	2	0,795,	104,55	159	8
chr16	91269768	91269876	uc007zxf.1_5utr	+	1	0,	108	108	5
chr16	91372782	91383898	uc007zxh.2_5utr	+	2	0,11078,	292,38	330	16
chr16	91372782	91383898	uc007zxg.2_5utr	+	2	0,11078,	292,38	330	16
chr16	91372782	91383898	uc007zxi.2_5utr	+	2	0,11078,	292,38	330	16
chr16	91406234	91406317	uc007zxj.1_5utr	+	1	0,	83	83	4
chr16	91406234	91406317	uc007zxk.2_5utr	+	1	0,	83	83	4
chr16	91485214	91485343	uc007zxn.2_5utr	+	1	0,	129	129	6
chr16	91485214	91485343	uc007zxp.2_5utr	+	1	0,	129	129	6
chr16	91547093	91547162	uc007zxq.1_5utr	+	1	0,	69	69	3
chr16	91587040	91597680	uc007zxr.1_5utr	-	2	0,10541,	41,99	140	7
chr16	91617354	91618999	uc007zxt.1_5utr	-	2	0,1403,	25,242	267	13
chr16	91618634	91618999	uc007zxs.1_5utr	-	1	0,	365	365	18
chr16	91643101	91646972	uc007zxv.1_5utr	-	2	0,3782,	42,89	131	7
chr16	91643101	91646972	uc007zxx.1_5utr	-	2	0,3782,	42,89	131	7
chr16	91643101	91646972	uc007zxu.1_5utr	-	2	0,3782,	45,89	134	7
chr16	91643101	91646972	uc007zxw.1_5utr	-	2	0,3782,	45,89	134	7
chr16	91647823	91647907	uc007zxz.1_5utr	+	1	0,	84	84	4
chr16	91647823	91647907	uc007zxy.1_5utr	+	1	0,	84	84	4
chr16	91654610	91654936	uc012aii.1_5utr	+	1	0,	326	326	16
chr16	91677588	91677611	uc007zyb.3_5utr	+	1	0,	23	23	1
chr16	91683645	91688728	uc012aij.1_5utr	-	4	0,2521,4149,4761,	166,204,81,322	773	39
chr16	91688712	91688728	uc007zyc.1_5utr	-	1	0,	16	16	1
chr16	91688712	91688728	uc007zyd.1_5utr	-	1	0,	16	16	1
chr16	91717469	91728802	uc007zyf.2_5utr	-	2	0,11088,	6,245	251	13
chr16	91717469	91728802	uc012aik.1_5utr	-	2	0,11088,	6,245	251	13
chr16	91717469	91728802	uc007zyg.2_5utr	-	2	0,11088,	6,245	251	13
chr16	91729370	91782192	uc007zyj.1_5utr	+	2	0,52790,	229,32	261	13
chr16	91729370	91782192	uc007zyi.2_5utr	+	2	0,52790,	229,32	261	13
chr16	91729370	91782192	uc007zyh.1_5utr	+	2	0,52790,	229,32	261	13
chr16	91782160	91782192	uc007zyk.1_5utr	+	1	0,	32	32	2
chr16	91839615	91839760	uc007zyl.1_5utr	+	1	0,	145	145	7
chr16	91853694	91853808	uc007zyp.1_5utr	+	1	0,	114	114	6
chr16	91853694	91853808	uc007zyo.1_5utr	+	1	0,	114	114	6
chr16	91887399	91887425	uc007zyq.1_5utr	+	1	0,	26	26	1
chr16	91931555	91931630	uc007zys.1_5utr	-	1	0,	75	75	4
chr16	92058321	92058435	uc007zyu.1_5utr	+	1	0,	114	114	6
chr16	92058321	92077056	uc007zyt.2_5utr	+	2	0,18398,	159,337	496	25
chr16	92292388	92296586	uc007zyw.2_5utr	+	2	0,4186,	135,12	147	7
chr16	92301302	92305385	uc007zyx.1_5utr	+	2	0,3985,	41,98	139	7
chr16	92321398	92321441	uc007zyz.1_5utr	-	1	0,	43	43	2
chr16	92348954	92358874	uc007zza.1_5utr	-	2	0,9880,	38,40	78	4
chr16	92348954	92359468	uc007zzb.1_5utr	-	2	0,10351,	38,163	201	10
chr16	92399982	92400078	uc007zzd.2_5utr	-	1	0,	96	96	5
chr16	92466078	92466169	uc007zze.2_5utr	-	1	0,	91	91	5
chr16	92478741	92478774	uc007zzf.1_5utr	+	1	0,	33	33	2
chr16	92498146	92498453	uc007zzg.1_5utr	+	1	0,	307	307	15
chr16	92695681	92697325	uc007zzl.1_5utr	-	2	0,227,	56,1417	1473	74
chr16	92695753	92697329	uc007zzi.3_5utr	-	1	0,	1576	1576	79
chr16	92695753	92697329	uc012ain.2_5utr	-	1	0,	1576	1576	79
chr16	92825646	92826074	uc007zzj.3_5utr	-	2	0,287,	58,141	199	10
chr16	92825646	92826074	uc007zzk.3_5utr	-	2	0,287,	58,141	199	10
chr16	93601707	93603815	uc007zzq.2_5utr	-	3	0,1429,1858,	91,75,250	416	21
chr16	93607836	93607965	uc007zzr.1_5utr	+	1	0,	129	129	6
chr16	93683218	93683324	uc007zzs.2_5utr	+	1	0,	106	106	5
chr16	93711906	93716174	uc007zzv.1_5utr	+	2	0,4243,	162,25	187	9
chr16	93711906	93716174	uc007zzu.1_5utr	+	2	0,4243,	162,25	187	9
chr16	93711906	93716174	uc007zzt.1_5utr	+	2	0,4243,	162,25	187	9
chr16	93730098	93740002	uc007zzw.1_5utr	+	3	0,9055,9870,	344,182,34	560	28
chr16	93832120	93832309	uc008aaa.2_5utr	+	1	0,	189	189	9
chr16	93883900	93884495	uc008aac.1_5utr	+	2	0,565,	75,30	105	5
chr16	93883900	93884495	uc008aab.1_5utr	+	2	0,565,	75,30	105	5
chr16	93919956	94008837	uc008aad.2_5utr	-	3	0,22311,88568,	81,138,313	532	27
chr16	93919956	93929817	uc012air.1_5utr	-	2	0,9412,	81,449	530	26
chr16	93919956	93929567	uc012aiq.1_5utr	-	2	0,9352,	81,259	340	17
chr16	94085259	94085815	uc008aae.1_5utr	+	1	0,	556	556	28
chr16	94122602	94122732	uc008aaf.1_5utr	+	1	0,	130	130	6
chr16	94268587	94287926	uc008aag.1_5utr	-	2	0,19204,	111,135	246	12
chr16	94290257	94290286	uc008aai.1_5utr	-	1	0,	29	29	1
chr16	94290257	94290286	uc008aah.1_5utr	-	1	0,	29	29	1
chr16	94328421	94328496	uc008aaj.2_5utr	+	1	0,	75	75	4
chr16	94370170	94371015	uc008aao.2_5utr	-	2	0,724,	22,121	143	7
chr16	94370170	94370710	uc008aan.2_5utr	-	2	0,434,	22,106	128	6
chr16	94370269	94370330	uc008aak.2_5utr	-	1	0,	61	61	3
chr16	94370269	94370330	uc008aal.2_5utr	-	1	0,	61	61	3
chr16	94370430	94370550	uc008aam.2_5utr	-	1	0,	120	120	6
chr16	94370738	94410926	uc008aat.1_5utr	+	4	0,32575,38945,40094,	123,55,46,94	318	16
chr16	94370738	94410926	uc008aay.1_5utr	+	3	0,32575,40094,	123,55,94	272	14
chr16	94370738	94408583	uc008aas.1_5utr	+	3	0,32575,37815,	123,55,30	208	10
chr16	94370738	94383922	uc008aau.1_5utr	+	2	0,13173,	123,11	134	7
chr16	94370738	94383922	uc008aax.1_5utr	+	2	0,13173,	123,11	134	7
chr16	94370738	94383922	uc008aaq.1_5utr	+	2	0,13173,	123,11	134	7
chr16	94370738	94385387	uc008aar.1_5utr	+	4	0,13173,14045,14597,	123,155,151,52	481	24
chr16	94370738	94383922	uc008aaw.1_5utr	+	2	0,13173,	123,11	134	7
chr16	94370738	94383922	uc008aaz.1_5utr	+	2	0,13173,	123,11	134	7
chr16	94370738	94385387	uc008aav.1_5utr	+	4	0,13173,14045,14597,	123,155,151,52	481	24
chr16	94370745	94410926	uc008aba.1_5utr	+	4	0,32568,38938,40087,	226,55,46,94	421	21
chr16	94370745	94370925	uc008abb.1_5utr	+	1	0,	180	180	9
chr16	94370937	94371015	uc012ait.1_5utr	-	1	0,	78	78	4
chr16	94383871	94418621	uc012aiu.1_5utr	+	13	0,474,912,1464,3465,4393,6330,8143,9240,19442,32077,32410,34735,	195,43,151,88,54,121,86,95,63,55,61,85,15	1112	56
chr16	94440092	94442369	uc008abc.1_5utr	+	1	0,	2277	2277	114
chr16	94442470	94442510	uc008abd.1_5utr	+	1	0,	40	40	2
chr16	94526394	94526629	uc008abe.2_5utr	-	1	0,	235	235	12
chr16	94570205	94611494	uc008abg.2_5utr	+	2	0,41213,	329,76	405	20
chr16	94570906	94611494	uc008abj.2_5utr	+	2	0,40512,	70,76	146	7
chr16	94611418	94611494	uc008abh.2_5utr	+	1	0,	76	76	4
chr16	94668804	94668936	uc008abi.1_5utr	+	1	0,	132	132	7
chr16	94833196	94856690	uc008abn.1_5utr	-	2	0,23260,	23,234	257	13
chr16	94833196	94997696	uc008abq.1_5utr	-	4	0,36829,107984,163990,	23,109,49,510	691	35
chr16	94833196	94856690	uc008abo.1_5utr	-	2	0,23260,	23,234	257	13
chr16	94833196	94856690	uc008abl.1_5utr	-	3	0,22537,23260,	23,105,234	362	18
chr16	94941211	94997696	uc008abk.1_5utr	-	2	0,55975,	18,510	528	26
chr16	94941211	94997696	uc008abp.1_5utr	-	2	0,55975,	18,510	528	26
chr16	94941211	94997696	uc008abm.1_5utr	-	2	0,55975,	18,510	528	26
chr16	95257557	95291826	uc008abv.2_5utr	+	4	0,793,1295,34253,	177,101,104,16	398	20
chr16	95257557	95295601	uc008abt.2_5utr	+	4	0,793,34253,38033,	177,101,98,11	387	19
chr16	95257557	95291826	uc033hac.1_5utr	+	4	0,644,1295,34253,	177,173,104,16	470	24
chr16	95257557	95291826	uc033gzz.1_5utr	+	5	0,644,1295,29845,34253,	177,250,104,168,16	715	36
chr16	95257557	95291826	uc008abu.2_5utr	+	3	0,689,34253,	177,205,16	398	20
chr16	95257557	95291826	uc008aby.2_5utr	+	3	0,644,34253,	177,173,16	366	18
chr16	95257557	95291826	uc033had.1_5utr	+	3	0,689,34253,	177,128,16	321	16
chr16	95257557	95295601	uc008abw.2_5utr	+	5	0,689,1295,34253,38033,	177,128,104,98,11	518	26
chr16	95257557	95295601	uc008abs.2_5utr	+	5	0,644,1295,34253,38033,	177,173,104,98,11	563	28
chr16	95257557	95295601	uc033hae.1_5utr	+	4	0,689,34253,38033,	177,128,98,11	414	21
chr16	95257557	95295601	uc033haa.1_5utr	+	4	0,644,34253,38033,	177,173,98,11	459	23
chr16	95257557	95295601	uc033hab.1_5utr	+	3	0,644,38033,	177,173,11	361	18
chr16	95258035	95291826	uc008abx.1_5utr	+	2	0,33775,	339,16	355	18
chr16	95258246	95295601	uc012aiv.1_5utr	+	3	0,33564,37344,	205,98,11	314	16
chr16	95459245	95459348	uc008abz.2_5utr	-	1	0,	103	103	5
chr16	95459245	95459348	uc008aca.2_5utr	-	1	0,	103	103	5
chr16	95524565	95530365	uc008acc.2_5utr	-	2	0,5698,	49,102	151	8
chr16	95524565	95586593	uc008acd.2_5utr	-	3	0,5698,61932,	49,102,96	247	12
chr16	95524565	95530365	uc012aiw.2_5utr	-	2	0,5698,	49,102	151	8
chr16	95524565	95530365	uc008acb.2_5utr	-	2	0,5698,	49,102	151	8
chr16	95702406	95702644	uc008ace.2_5utr	+	1	0,	238	238	12
chr16	95990890	95990903	uc008ach.1_5utr	-	1	0,	13	13	1
chr16	96009392	96009568	uc008acl.2_5utr	-	1	0,	176	176	9
chr16	96082302	96082428	uc008acn.2_5utr	-	1	0,	126	126	6
chr16	96082302	96082428	uc008aci.2_5utr	-	1	0,	126	126	6
chr16	96082302	96082428	uc008ack.2_5utr	-	1	0,	126	126	6
chr16	96082302	96082428	uc008acm.3_5utr	-	1	0,	126	126	6
chr16	96127604	96127725	uc008aco.1_5utr	-	1	0,	121	121	6
chr16	96145418	96145476	uc008acp.1_5utr	+	1	0,	58	58	3
chr16	96145418	96145476	uc008acq.1_5utr	+	1	0,	58	58	3
chr16	96178928	96185929	uc012aix.1_5utr	-	3	0,1116,6842,	10,76,159	245	12
chr16	96178928	96192257	uc008acs.1_5utr	-	4	0,1116,6842,13259,	10,76,159,70	315	16
chr16	96180049	96192257	uc008acr.1_5utr	-	3	0,5721,12138,	71,159,70	300	15
chr16	96200469	96200703	uc008acu.1_5utr	+	1	0,	234	234	12
chr16	96235800	96313775	uc008acv.2_5utr	+	3	0,646,77798,	294,120,177	591	30
chr16	96281031	96313775	uc008acw.2_5utr	+	2	0,32567,	47,177	224	11
chr16	96361756	96364026	uc008acz.2_5utr	+	2	0,2250,	88,20	108	5
chr16	96361756	96364026	uc008ada.2_5utr	+	2	0,2250,	88,20	108	5
chr16	96361756	96364026	uc008acx.2_5utr	+	2	0,2250,	88,20	108	5
chr16	96361756	96364026	uc008acy.2_5utr	+	2	0,2250,	88,20	108	5
chr16	96438797	96443614	uc008adb.1_5utr	-	2	0,4742,	3,75	78	4
chr16	96467605	96467781	uc008adc.1_5utr	+	1	0,	176	176	9
chr16	96622772	96622824	uc012aiy.2_5utr	-	1	0,	52	52	3
chr16	97170276	97170735	uc008add.2_5utr	-	1	0,	459	459	23
chr16	97356727	97356801	uc008ade.2_5utr	+	1	0,	74	74	4
chr16	97460758	97462905	uc008adf.1_5utr	-	2	0,2122,	188,25	213	11
chr16	97460758	97462906	uc008adh.1_5utr	-	2	0,1940,	188,208	396	20
chr16	97460758	97462905	uc008adi.1_5utr	-	3	0,1940,2122,	188,72,25	285	14
chr16	97460758	97460946	uc012aja.1_5utr	-	1	0,	188	188	9
chr16	97504841	97504936	uc008adj.1_5utr	-	1	0,	95	95	5
chr16	97599269	97611195	uc008adl.1_5utr	-	2	0,11749,	53,177	230	12
chr16	97599269	97611195	uc008adm.1_5utr	-	2	0,11749,	53,177	230	12
chr16	97763709	97763755	uc008adn.1_5utr	-	1	0,	46	46	2
chr16	97799653	97799801	uc008ado.2_5utr	-	1	0,	148	148	7
chr16	97812609	97851783	uc008adp.2_5utr	-	11	0,3496,3926,4254,5602,9158,22968,24964,26645,27313,39159,	82,88,95,182,130,243,253,154,94,46,15	1382	69
chr16	97839959	97851850	uc008adq.2_5utr	-	2	0,11813,	9,78	87	4
chr16	97851119	97851227	uc012ajc.1_5utr	-	1	0,	108	108	5
chr16	97868862	97875284	uc008adr.2_5utr	-	3	0,1290,6266,	54,128,156	338	17
chr16	97886189	97922633	uc008adt.2_5utr	-	5	0,3816,6000,26416,35865,	21,113,120,99,579	932	47
chr16	97922315	97922633	uc008ads.2_5utr	-	1	0,	318	318	16
chr16	97953081	97962621	uc029sze.1_5utr	-	2	0,9332,	12,208	220	11
chr16	97953081	97962621	uc029szd.1_5utr	-	2	0,9332,	12,208	220	11
chr16	97956829	97962621	uc029szc.1_5utr	-	2	0,5584,	71,208	279	14
chr16	97956829	97962621	uc029szb.1_5utr	-	2	0,5584,	71,208	279	14
