chr	start	end	transcript_id	strand	number_of_exons	coordinates	length1	total_length	bin
chrY	682266	695295	uc009uyu.1_5utr	-	3	0,264,12942,	13,65,87	165	8
chrY	759910	797409	uc009uyv.2_5utr	-	3	0,37200,37364,	27,66,135	228	11
chrY	818648	818750	uc009uyw.1_5utr	+	1	0,	102	102	5
chrY	818712	818814	uc009uyx.1_5utr	+	1	0,	102	102	5
chrY	897787	897965	uc009uzb.1_5utr	+	1	0,	178	178	9
chrY	897787	897965	uc009uyz.1_5utr	+	1	0,	178	178	9
chrY	897787	897965	uc009uyy.1_5utr	+	1	0,	178	178	9
chrY	1010611	1010616	uc009uzd.2_5utr	+	1	0,	5	5	0
chrY	1245495	1245738	uc012hrt.1_5utr	-	1	0,	243	243	12
chrY	1245495	1245738	uc009uzg.1_5utr	-	1	0,	243	243	12
chrY	1245552	1245738	uc009uzf.1_5utr	-	1	0,	186	186	9
chrY	1245630	1245756	uc009uzh.1_5utr	-	1	0,	126	126	6
chrY	1245630	1245756	uc009uzj.1_5utr	-	1	0,	126	126	6
chrY	1263838	1265031	uc033jvp.1_5utr	-	2	0,1002,	111,191	302	15
chrY	1269825	1286613	uc009uzn.2_5utr	-	7	0,9071,9597,10484,13075,14496,16653,	15,100,156,130,68,61,135	665	33
chrY	1286523	1286613	uc009uzm.2_5utr	-	1	0,	90	90	4
chrY	1454265	1459782	uc009uzo.1_5utr	-	4	0,342,4620,5257,	46,77,35,260	418	21
chrY	2133445	2170409	uc009uzp.1_5utr	-	3	0,16606,36703,	27,70,261	358	18
chrY	2793153	2796224	uc012hrx.1_5utr	-	2	0,2999,	4,72	76	4
chrY	2793153	2796224	uc029xor.1_5utr	-	3	0,498,2999,	4,151,72	227	11
chrY	2830679	2833558	uc012hry.2_5utr	+	2	0,2875,	72,4	76	4
chrY	2830679	2833558	uc009uzq.2_5utr	+	3	0,2230,2875,	72,151,4	227	11
chrY	2862138	2865209	uc009uzs.1_5utr	+	3	0,2422,3067,	72,151,4	227	11
chrY	2862138	2865209	uc009uzr.2_5utr	+	2	0,3067,	72,4	76	4
chrY	2900988	2904132	uc009uzt.2_5utr	+	2	0,3140,	72,4	76	4
chrY	2900988	2904132	uc012hrz.1_5utr	+	3	0,2495,3140,	72,151,4	227	11
chrY	3303466	3306449	uc029xot.1_5utr	-	2	0,2911,	4,72	76	4
chrY	3303466	3306449	uc029xos.1_5utr	-	3	0,498,2911,	4,151,72	227	11
chrY	3335010	3345329	uc029xou.2_5utr	-	3	0,7791,10247,	4,151,72	227	11
chrY	3335010	3345329	uc033jvq.1_5utr	-	2	0,10247,	4,72	76	4
chrY	3375428	3378783	uc033jvr.1_5utr	-	2	0,3283,	4,72	76	4
chrY	3375428	3378783	uc029xov.2_5utr	-	3	0,498,3283,	4,151,72	227	11
chrY	3407067	3410167	uc029xow.1_5utr	-	3	0,498,3028,	4,151,72	227	11
chrY	3407067	3410167	uc029xox.1_5utr	-	2	0,3028,	4,72	76	4
chrY	3771672	3774804	uc029xoy.1_5utr	+	3	0,2483,3128,	72,151,4	227	11
chrY	3771672	3774804	uc012hsd.2_5utr	+	2	0,3128,	72,4	76	4
chrY	4341312	4342543	uc029xpp.1_5utr	+	2	0,1208,	32,23	55	3
chrY	7636215	7636973	uc012hsn.2_5utr	-	1	0,	758	758	38
chrY	8833639	8835169	uc012hti.1_5utr	-	2	0,1406,	281,124	405	20
chrY	12381988	12383183	uc012hsk.1_5utr	+	2	0,917,	120,278	398	20
chrY	12688109	12688136	uc012hsj.1_5utr	+	1	0,	27	27	1
chrY	13252390	13254008	uc029xrz.1_5utr	+	3	0,415,1478,	191,187,140	518	26
chrY	13376412	13377979	uc029xsa.1_5utr	+	3	0,364,1427,	140,187,140	467	23
chrY	17093878	17095073	uc029xsc.1_5utr	+	2	0,917,	120,278	398	20
chrY	17400760	17400787	uc029xsd.1_5utr	+	1	0,	27	27	1
chrY	17965159	17966777	uc009vfw.1_5utr	+	3	0,415,1478,	191,187,140	518	26
chrY	18089166	18090733	uc009vif.2_5utr	+	3	0,364,1427,	140,187,140	467	23
chrY	20992230	20993669	uc029xsl.1_5utr	-	2	0,1383,	26,56	82	4
chrY	21164553	21166082	uc029xsm.1_5utr	+	2	0,1248,	23,281	304	15
chrY	21242965	21243091	uc029xsn.1_5utr	+	1	0,	126	126	6
chrY	22512350	22513859	uc029xso.1_5utr	+	2	0,1228,	111,281	392	20
chrY	22859825	22861268	uc029xsq.1_5utr	-	2	0,1387,	23,56	79	4
chrY	22859834	22861268	uc029xsp.1_5utr	-	2	0,1378,	17,56	73	4
chrY	23031058	23031234	uc029xsr.1_5utr	+	1	0,	176	176	9
chrY	23943165	23943342	uc029xss.1_5utr	+	1	0,	177	177	9
chrY	24456404	24456581	uc029xsu.1_5utr	+	1	0,	177	177	9
chrY	24969428	24969605	uc029xsw.1_5utr	+	1	0,	177	177	9
chrY	25482523	25482700	uc029xsy.1_5utr	+	1	0,	177	177	9
chrY	25995643	25995820	uc029xta.1_5utr	+	1	0,	177	177	9
chrY	26946051	26947543	uc029xtc.1_5utr	+	2	0,1211,	104,281	385	19
chrY	27691135	27692627	uc029xtd.1_5utr	+	2	0,1211,	104,281	385	19
chrY	28270080	28271524	uc029xte.1_5utr	-	2	0,1388,	26,56	82	4
chrY	29671274	29684609	uc029xti.1_5utr	-	2	0,13303,	16,32	48	2
chrY	29683370	29683393	uc029xtf.1_5utr	-	1	0,	23	23	1
chrY	30497728	30499165	uc029xub.1_5utr	+	2	0,1414,	34,23	57	3
chrY	30725064	30738371	uc029xuf.1_5utr	-	2	0,13275,	16,32	48	2
chrY	30737131	30737154	uc029xuc.1_5utr	-	1	0,	23	23	1
chrY	31371986	31373425	uc029xuy.1_5utr	+	2	0,1416,	34,23	57	3
chrY	31621254	31634566	uc029xvc.1_5utr	-	2	0,13280,	16,32	48	2
chrY	31633324	31633347	uc029xuz.1_5utr	-	1	0,	23	23	1
chrY	32606932	32620253	uc029xvx.1_5utr	-	2	0,13289,	16,32	48	2
chrY	32619011	32619034	uc029xvv.1_5utr	-	1	0,	23	23	1
chrY	33529635	33542974	uc029xwt.1_5utr	-	2	0,13307,	16,32	48	2
chrY	33541736	33541759	uc029xwr.1_5utr	-	1	0,	23	23	1
chrY	35130404	35131845	uc029xxo.1_5utr	-	2	0,1385,	23,56	79	4
chrY	35642647	35644172	uc029xxq.1_5utr	+	2	0,1243,	124,282	406	20
chrY	36733868	36735302	uc029xxp.1_5utr	-	2	0,1378,	17,56	73	4
chrY	37258172	37259615	uc029xxr.1_5utr	-	2	0,1387,	26,56	82	4
chrY	37706612	37706638	uc029xxs.1_5utr	-	1	0,	26	26	1
chrY	37957810	37959326	uc029xxt.1_5utr	+	2	0,1234,	124,282	406	20
chrY	38799352	38800793	uc029xxu.1_5utr	-	2	0,1407,	23,34	57	3
chrY	42568599	42582060	uc029xxw.1_5utr	-	2	0,13429,	16,32	48	2
chrY	44250811	44264254	uc029xyh.1_5utr	-	2	0,13411,	16,32	48	2
chrY	44263016	44263039	uc029xyf.1_5utr	-	1	0,	23	23	1
chrY	47451149	47464457	uc029xzu.1_5utr	+	2	0,13292,	32,16	48	2
chrY	47452367	47452393	uc029xzz.1_5utr	+	1	0,	26	26	1
chrY	47691098	47692536	uc029yab.1_5utr	-	2	0,1404,	23,34	57	3
chrY	48312044	48325355	uc029yau.1_5utr	+	2	0,13295,	32,16	48	2
chrY	48313259	48313285	uc029yaz.1_5utr	+	1	0,	26	26	1
chrY	49318753	49320270	uc029yba.1_5utr	-	2	0,1393,	282,124	406	20
chrY	49843610	49845127	uc029ybb.1_5utr	-	2	0,1393,	282,124	406	20
chrY	50435859	50437358	uc029ybc.1_5utr	-	2	0,1395,	281,104	385	19
chrY	50608238	50609683	uc009vfz.1_5utr	+	2	0,1419,	56,26	82	4
chrY	50880859	50882374	uc009vhv.1_5utr	-	2	0,1391,	282,124	406	20
chrY	51681223	51682722	uc029ybd.1_5utr	-	2	0,1395,	281,104	385	19
chrY	52608321	52609840	uc029ybf.1_5utr	-	2	0,1395,	282,124	406	20
chrY	52780027	52781461	uc009vgb.1_5utr	+	2	0,1417,	56,17	73	4
chrY	53342254	53342380	uc029ybg.1_5utr	-	1	0,	126	126	6
chrY	53416775	53418307	uc029ybh.1_5utr	-	2	0,1509,	281,23	304	15
chrY	53843936	53845367	uc009vhb.1_5utr	+	2	0,1414,	56,17	73	4
chrY	53843936	53845376	uc009vhc.1_5utr	+	2	0,1417,	56,23	79	4
chrY	54186670	54188230	uc012hsp.1_5utr	-	2	0,1506,	281,54	335	17
chrY	55213719	55215143	uc009vha.1_5utr	+	2	0,1410,	44,14	58	3
chrY	55558343	55559830	uc009vgz.1_5utr	-	2	0,1385,	281,102	383	19
chrY	55731743	55733187	uc029ybj.1_5utr	+	2	0,1418,	56,26	82	4
chrY	56018918	56020480	uc029ybk.1_5utr	-	2	0,1508,	281,54	335	17
chrY	57187205	57188630	uc029ybn.1_5utr	+	2	0,1411,	44,14	58	3
chrY	57532239	57533726	uc029ybo.1_5utr	-	2	0,1385,	281,102	383	19
chrY	58573026	58574463	uc029ybp.1_5utr	+	2	0,1414,	34,23	57	3
chrY	58801091	58814407	uc029ybs.1_5utr	-	2	0,13284,	16,32	48	2
chrY	58813165	58813188	uc029ybq.1_5utr	-	1	0,	23	23	1
chrY	60241391	60254728	uc029ydg.1_5utr	+	2	0,13321,	32,16	48	2
chrY	60242608	60242634	uc029ydl.1_5utr	+	1	0,	26	26	1
chrY	60481481	60482919	uc029ydm.1_5utr	-	2	0,1404,	23,34	57	3
chrY	61102436	61115743	uc029yef.1_5utr	+	2	0,13291,	32,16	48	2
chrY	61103651	61103677	uc029yek.1_5utr	+	1	0,	26	26	1
chrY	61946433	61947950	uc029yel.1_5utr	-	2	0,1393,	282,124	406	20
chrY	62463328	62464845	uc009vgt.2_5utr	-	2	0,1393,	282,124	406	20
chrY	63055872	63057371	uc029yem.1_5utr	-	2	0,1395,	281,104	385	19
chrY	63228414	63229859	uc029yen.1_5utr	+	2	0,1419,	56,26	82	4
chrY	63501598	63503113	uc029yeo.1_5utr	-	2	0,1391,	282,124	406	20
chrY	64302598	64304097	uc029yeq.1_5utr	-	2	0,1395,	281,104	385	19
chrY	64784782	64786299	uc029yer.1_5utr	-	2	0,1393,	282,124	406	20
chrY	64784782	64786299	uc029yep.1_5utr	-	2	0,1393,	282,124	406	20
chrY	65206008	65207527	uc009vih.2_5utr	-	2	0,1395,	282,124	406	20
chrY	65377689	65379123	uc029yes.1_5utr	+	2	0,1417,	56,17	73	4
chrY	65939962	65940088	uc029yet.1_5utr	-	1	0,	126	126	6
chrY	66740610	66742170	uc029yeu.1_5utr	-	2	0,1506,	281,54	335	17
chrY	67046566	67048072	uc029yev.1_5utr	-	2	0,1395,	281,111	392	20
chrY	67339871	67340047	uc029yew.1_5utr	-	1	0,	176	176	9
chrY	68537954	68539471	uc029yey.1_5utr	+	2	0,1235,	124,282	406	20
chrY	68831297	68832740	uc029yez.1_5utr	-	2	0,1387,	26,56	82	4
chrY	69351103	69352609	uc029yfa.1_5utr	+	2	0,1225,	111,281	392	20
chrY	70197533	70199046	uc029yfc.1_5utr	-	2	0,1389,	282,124	406	20
chrY	70706829	70708346	uc029yfd.1_5utr	-	2	0,1393,	282,124	406	20
chrY	70959367	70959393	uc029yfe.1_5utr	+	1	0,	26	26	1
chrY	71298649	71300148	uc029yff.1_5utr	-	2	0,1395,	281,104	385	19
chrY	71469436	71470875	uc029yfg.1_5utr	+	2	0,1422,	56,17	73	4
chrY	71469436	71470884	uc029yfh.1_5utr	+	2	0,1425,	56,23	79	4
chrY	71692030	71693475	uc029yfi.1_5utr	+	2	0,1419,	56,26	82	4
chrY	72383262	72384781	uc029yfk.1_5utr	-	2	0,1395,	282,124	406	20
chrY	72554831	72556279	uc029yfm.1_5utr	+	2	0,1425,	56,23	79	4
chrY	72554831	72556270	uc029yfl.1_5utr	+	2	0,1422,	56,17	73	4
chrY	72820330	72820507	uc029yfn.1_5utr	-	1	0,	177	177	9
chrY	73239904	73240030	uc029yfo.1_5utr	-	1	0,	126	126	6
chrY	73314512	73316051	uc029yfp.1_5utr	-	2	0,1516,	281,23	304	15
chrY	73536230	73537718	uc029yfq.1_5utr	-	2	0,1386,	281,102	383	19
chrY	73669302	73670742	uc029yfs.1_5utr	+	2	0,1417,	56,23	79	4
chrY	73669302	73670733	uc029yfr.1_5utr	+	2	0,1414,	56,17	73	4
chrY	75195855	75197281	uc009vhe.1_5utr	+	2	0,1412,	44,14	58	3
chrY	75715309	75716745	uc029yft.1_5utr	+	2	0,1419,	56,17	73	4
chrY	75715309	75716754	uc029yfu.1_5utr	+	2	0,1422,	56,23	79	4
chrY	76761587	76763030	uc029yfv.1_5utr	+	2	0,1417,	56,26	82	4
chrY	77074728	77076246	uc029yfw.1_5utr	-	2	0,1394,	282,124	406	20
chrY	77961690	77963204	uc029yfy.1_5utr	-	2	0,1390,	282,124	406	20
chrY	78836543	78836719	uc029yga.1_5utr	-	1	0,	176	176	9
chrY	79149611	79149787	uc029ygb.1_5utr	-	1	0,	176	176	9
chrY	79319552	79320996	uc029ygd.1_5utr	+	2	0,1421,	56,23	79	4
chrY	79319552	79320987	uc029ygc.1_5utr	+	2	0,1418,	56,17	73	4
chrY	79665570	79667079	uc029yge.1_5utr	-	2	0,1398,	281,111	392	20
chrY	79959081	79959257	uc029ygg.1_5utr	-	1	0,	176	176	9
chrY	80463929	80465434	uc029ygh.1_5utr	-	2	0,1394,	281,111	392	20
chrY	80757034	80757210	uc012hsv.1_5utr	-	1	0,	176	176	9
chrY	81799967	81801497	uc029ygi.1_5utr	-	2	0,1507,	281,23	304	15
chrY	82225214	82226657	uc029ygk.1_5utr	+	2	0,1420,	56,23	79	4
chrY	82225214	82226648	uc029ygj.1_5utr	+	2	0,1417,	56,17	73	4
chrY	84097278	84098710	uc029ygm.1_5utr	+	2	0,1409,	44,23	67	3
chrY	85529343	85529519	uc012hsq.2_5utr	-	1	0,	176	176	9
chrY	87116820	87118254	uc029ygn.1_5utr	+	2	0,1411,	44,23	67	3
chrY	87550953	87552401	uc009vic.1_5utr	+	2	0,1422,	56,26	82	4
chrY	88053302	88054746	uc029ygp.1_5utr	+	2	0,1418,	56,26	82	4
chrY	89731955	89745342	uc029ygr.1_5utr	-	2	0,13355,	16,32	48	2
chrY	90530197	90531635	uc029ygu.1_5utr	-	2	0,1404,	23,34	57	3
chrY	90784609	90785670	uc029yhc.1_5utr	+	2	0,980,	69,81	150	8
chrY	90785441	90785670	uc029yhd.1_5utr	+	1	0,	229	229	11
chrY	90785441	90785557	uc029yhe.1_5utr	+	1	0,	116	116	6
