chr	start	end	transcript_id	strand	number_of_exons	coordinates	length1	total_length	bin
chr12	3247427	3249789	uc007mwl.2_3utr	-	1	0,	2362	2362	118
chr12	3307072	3309145	uc056ypl.1_3utr	-	1	0,	2073	2073	104
chr12	3367417	3367422	uc029rqm.1_3utr	+	1	0,	5	5	0
chr12	3402882	3406494	uc007mwm.1_3utr	+	1	0,	3612	3612	181
chr12	3402882	3406494	uc007mwn.1_3utr	+	1	0,	3612	3612	181
chr12	3496933	3496936	uc011yjr.2_3utr	+	1	0,	3	3	0
chr12	3497008	3497135	uc007mws.2_3utr	+	1	0,	127	127	6
chr12	3497008	3497135	uc007mwt.1_3utr	+	1	0,	127	127	6
chr12	3502369	3506849	uc033gcg.1_3utr	+	1	0,	4480	4480	224
chr12	3502369	3506849	uc033gce.1_3utr	+	1	0,	4480	4480	224
chr12	3502369	3506849	uc033gcf.1_3utr	+	1	0,	4480	4480	224
chr12	3644108	3646786	uc007mwu.2_3utr	+	1	0,	2678	2678	134
chr12	3718438	3721089	uc007mwv.2_3utr	+	1	0,	2651	2651	133
chr12	3774589	3781398	uc007mww.2_3utr	+	3	0,5029,6516,	21,36,293	350	18
chr12	3774589	3781398	uc007mwx.2_3utr	+	3	0,5029,6516,	21,36,293	350	18
chr12	3779620	3781398	uc007mwy.2_3utr	+	2	0,1485,	34,293	327	16
chr12	3781278	3781398	uc011yjs.1_3utr	+	1	0,	120	120	6
chr12	3866410	3867484	uc007mxa.2_3utr	+	1	0,	1074	1074	54
chr12	3907744	3914443	uc007mxc.1_3utr	+	1	0,	6699	6699	335
chr12	3907744	3914443	uc007mxd.1_3utr	+	1	0,	6699	6699	335
chr12	3907744	3914443	uc007mxb.1_3utr	+	1	0,	6699	6699	335
chr12	3960465	3960643	uc007mxe.2_3utr	+	1	0,	178	178	9
chr12	3960465	3960643	uc033gci.1_3utr	+	1	0,	178	178	9
chr12	3960465	3960643	uc007mxg.2_3utr	+	1	0,	178	178	9
chr12	3960465	3960643	uc033gcj.1_3utr	+	1	0,	178	178	9
chr12	3960465	3960643	uc007mxf.2_3utr	+	1	0,	178	178	9
chr12	3962553	3966444	uc007mxh.1_3utr	-	1	0,	3891	3891	195
chr12	3962553	3966444	uc011yjt.1_3utr	-	1	0,	3891	3891	195
chr12	4106931	4110612	uc007mxj.2_3utr	+	1	0,	3681	3681	184
chr12	4110068	4110243	uc007mxi.2_3utr	+	1	0,	175	175	9
chr12	4211671	4214496	uc007mxo.2_3utr	-	1	0,	2825	2825	141
chr12	4211671	4214496	uc007mxn.1_3utr	-	1	0,	2825	2825	141
chr12	4212784	4213524	uc007mxm.2_3utr	+	1	0,	740	740	37
chr12	4212784	4213524	uc007mxl.2_3utr	+	1	0,	740	740	37
chr12	4212784	4213524	uc007mxk.2_3utr	+	1	0,	740	740	37
chr12	4215691	4216509	uc007mxp.1_3utr	-	1	0,	818	818	41
chr12	4236530	4240123	uc029rqo.1_3utr	+	1	0,	3593	3593	180
chr12	4247361	4249582	uc007mxr.2_3utr	-	1	0,	2221	2221	111
chr12	4247361	4249848	uc007mxs.2_3utr	-	2	0,2474,	2389,13	2402	120
chr12	4252795	4253575	uc007mxt.1_3utr	-	1	0,	780	780	39
chr12	4274693	4274696	uc007mxu.1_3utr	-	1	0,	3	3	0
chr12	4641002	4641139	uc007mxv.2_3utr	+	1	0,	137	137	7
chr12	4673606	4679328	uc007mxy.1_3utr	+	2	0,2604,	1,3118	3119	156
chr12	4713194	4713952	uc007mxw.2_3utr	+	1	0,	758	758	38
chr12	4713194	4713952	uc007mya.1_3utr	+	1	0,	758	758	38
chr12	4713194	4713952	uc007mxx.1_3utr	+	1	0,	758	758	38
chr12	4713804	4715551	uc007myb.1_3utr	-	1	0,	1747	1747	87
chr12	4730808	4731341	uc007myc.1_3utr	-	1	0,	533	533	27
chr12	4746215	4748019	uc007mye.2_3utr	-	1	0,	1804	1804	90
chr12	4747906	4748258	uc007myd.2_3utr	-	1	0,	352	352	18
chr12	4775542	4778808	uc007myg.1_3utr	+	1	0,	3266	3266	163
chr12	4778205	4778266	uc007myh.1_3utr	+	1	0,	61	61	3
chr12	4778205	4778266	uc007myf.1_3utr	+	1	0,	61	61	3
chr12	4783297	4783512	uc011yjw.1_3utr	+	1	0,	215	215	11
chr12	4827100	4827659	uc007myi.1_3utr	+	1	0,	559	559	28
chr12	4833173	4833669	uc007myj.1_3utr	-	1	0,	496	496	25
chr12	4833792	4833798	uc007myk.1_3utr	-	1	0,	6	6	0
chr12	4851939	4851942	uc007myl.2_3utr	+	1	0,	3	3	0
chr12	4852050	4852053	uc033gck.1_3utr	+	1	0,	3	3	0
chr12	4852050	4852913	uc007mym.2_3utr	+	1	0,	863	863	43
chr12	4856922	4856967	uc007myn.2_3utr	+	1	0,	45	45	2
chr12	4862437	4864057	uc007myq.2_3utr	-	1	0,	1620	1620	81
chr12	4862437	4864057	uc007myp.2_3utr	-	1	0,	1620	1620	81
chr12	4862437	4864057	uc011yjx.1_3utr	-	1	0,	1620	1620	81
chr12	4865136	4865141	uc011yjy.1_3utr	-	1	0,	5	5	0
chr12	4879031	4880584	uc007myr.1_3utr	-	1	0,	1553	1553	78
chr12	4883907	4885719	uc007mys.1_3utr	-	1	0,	1812	1812	91
chr12	4954681	4954994	uc007myt.1_3utr	+	1	0,	313	313	16
chr12	4983122	5047410	uc033gcl.1_3utr	+	13	0,2571,7765,23483,27130,30680,34860,41459,43920,48370,50910,51345,60883,	102,31,171,186,136,197,160,123,138,684,128,129,3405	5590	280
chr12	5044044	5047410	uc033gcm.1_3utr	+	1	0,	3366	3366	168
chr12	5077465	5081153	uc011yjz.2_3utr	-	1	0,	3688	3688	184
chr12	5077465	5081153	uc007myw.3_3utr	-	1	0,	3688	3688	184
chr12	5415241	5416132	uc011yka.1_3utr	+	1	0,	891	891	45
chr12	7987947	7987952	uc007mzd.2_3utr	+	1	0,	5	5	0
chr12	8016547	8016839	uc007mzf.2_3utr	+	1	0,	292	292	15
chr12	8227386	8230504	uc007mzi.2_3utr	+	1	0,	3118	3118	156
chr12	8275917	8276223	uc007mzg.2_3utr	+	1	0,	306	306	15
chr12	8283901	8285759	uc007mzj.2_3utr	+	1	0,	1858	1858	93
chr12	8284088	8285759	uc007mzk.2_3utr	+	1	0,	1671	1671	84
chr12	8284088	8285759	uc007mzh.2_3utr	+	1	0,	1671	1671	84
chr12	8297917	8297936	uc007mzl.1_3utr	-	1	0,	19	19	1
chr12	8342084	8343824	uc007mzo.2_3utr	+	1	0,	1740	1740	87
chr12	8497758	8499044	uc007mzp.1_3utr	-	1	0,	1286	1286	64
chr12	8528482	8529347	uc007mzs.2_3utr	-	1	0,	865	865	43
chr12	8528482	8529347	uc007mzt.1_3utr	-	1	0,	865	865	43
chr12	8538197	8538443	uc033gcp.1_3utr	-	1	0,	246	246	12
chr12	8749717	8752583	uc007mzu.2_3utr	+	1	0,	2866	2866	143
chr12	8749717	8752583	uc007mzw.2_3utr	+	1	0,	2866	2866	143
chr12	8749717	8752583	uc007mzy.2_3utr	+	1	0,	2866	2866	143
chr12	8749717	8752583	uc007mzz.2_3utr	+	1	0,	2866	2866	143
chr12	8749717	8752583	uc007mzv.2_3utr	+	1	0,	2866	2866	143
chr12	8749717	8752583	uc007mzx.2_3utr	+	1	0,	2866	2866	143
chr12	8749717	8752583	uc007naa.2_3utr	+	1	0,	2866	2866	143
chr12	8791804	8793687	uc007nac.1_3utr	+	1	0,	1883	1883	94
chr12	8791804	8793687	uc007nad.1_3utr	+	1	0,	1883	1883	94
chr12	8938188	8938741	uc007naf.1_3utr	+	1	0,	553	553	28
chr12	8970572	8972028	uc007nag.2_3utr	+	1	0,	1456	1456	73
chr12	8990132	8991677	uc011ykb.1_3utr	+	1	0,	1545	1545	77
chr12	8990132	8991677	uc007nah.2_3utr	+	1	0,	1545	1545	77
chr12	9021894	9022993	uc007nai.2_3utr	+	1	0,	1099	1099	55
chr12	9028153	9028847	uc007naj.2_3utr	+	1	0,	694	694	35
chr12	9028153	9028847	uc007nak.2_3utr	+	1	0,	694	694	35
chr12	9035138	9036397	uc007nam.1_3utr	+	1	0,	1259	1259	63
chr12	9035898	9036394	uc007nal.1_3utr	+	1	0,	496	496	25
chr12	9580622	9581500	uc007nao.2_3utr	+	1	0,	878	878	44
chr12	10390130	10390174	uc007naq.2_3utr	+	1	0,	44	44	2
chr12	10390130	10390174	uc007nap.2_3utr	+	1	0,	44	44	2
chr12	10395152	10395562	uc007nar.2_3utr	+	1	0,	410	410	20
chr12	11090201	11091223	uc011ykd.1_3utr	-	1	0,	1022	1022	51
chr12	11090201	11091223	uc007nas.1_3utr	-	1	0,	1022	1022	51
chr12	11091220	11091223	uc033gcr.1_3utr	-	1	0,	3	3	0
chr12	11208381	11208384	uc007nau.1_3utr	-	1	0,	3	3	0
chr12	11240925	11241257	uc007naw.1_3utr	-	1	0,	332	332	17
chr12	11240925	11241257	uc007nav.1_3utr	-	1	0,	332	332	17
chr12	11285424	11287654	uc007nax.1_3utr	+	1	0,	2230	2230	112
chr12	11317881	11319785	uc007nay.1_3utr	+	1	0,	1904	1904	95
chr12	11317881	11319785	uc007naz.1_3utr	+	1	0,	1904	1904	95
chr12	11325244	11326309	uc011ykf.1_3utr	-	1	0,	1065	1065	53
chr12	11462681	11462928	uc011ykh.1_3utr	+	1	0,	247	247	12
chr12	12372807	12376361	uc007nbc.2_3utr	+	1	0,	3554	3554	178
chr12	12372807	12376361	uc007nbd.2_3utr	+	1	0,	3554	3554	178
chr12	12936092	12937008	uc007nbf.2_3utr	-	1	0,	916	916	46
chr12	12936092	12937008	uc007nbg.2_3utr	-	1	0,	916	916	46
chr12	13219306	13219500	uc007nbh.1_3utr	-	1	0,	194	194	10
chr12	13561002	13561730	uc007nbl.1_3utr	+	1	0,	728	728	36
chr12	13583663	13583811	uc007nbj.2_3utr	+	1	0,	148	148	7
chr12	13583663	13583811	uc007nbk.2_3utr	+	1	0,	148	148	7
chr12	13583663	13583811	uc011ykj.1_3utr	+	1	0,	148	148	7
chr12	13583663	13583811	uc007nbm.2_3utr	+	1	0,	148	148	7
chr12	14147597	14149848	uc007nbn.1_3utr	-	1	0,	2251	2251	113
chr12	14149845	14149848	uc033gct.1_3utr	-	1	0,	3	3	0
chr12	15791726	15793610	uc007nbq.1_3utr	-	1	0,	1884	1884	94
chr12	16535668	16538415	uc007nbt.2_3utr	-	1	0,	2747	2747	137
chr12	16535668	16538415	uc007nbu.2_3utr	-	1	0,	2747	2747	137
chr12	16535668	16538415	uc007nbs.2_3utr	-	1	0,	2747	2747	137
chr12	16564503	16564524	uc007nbv.1_3utr	-	1	0,	21	21	1
chr12	16659743	16660236	uc007nbx.1_3utr	+	1	0,	493	493	25
chr12	16659967	16660236	uc007nbw.1_3utr	+	1	0,	269	269	13
chr12	16670614	16672382	uc011ykk.2_3utr	-	1	0,	1768	1768	88
chr12	16670614	16672382	uc029rrb.1_3utr	-	1	0,	1768	1768	88
chr12	16723176	16723261	uc007ncb.1_3utr	-	1	0,	85	85	4
chr12	16820379	16820384	uc007ncc.2_3utr	+	1	0,	5	5	0
chr12	16820451	16821750	uc033gcv.1_3utr	+	1	0,	1299	1299	65
chr12	16825381	16826752	uc007nce.2_3utr	+	1	0,	1371	1371	69
chr12	16825381	16826752	uc007ncf.2_3utr	+	1	0,	1371	1371	69
chr12	16943116	16943800	uc007nci.1_3utr	+	1	0,	684	684	34
chr12	16978097	16978102	uc007ncg.1_3utr	+	1	0,	5	5	0
chr12	16978103	16980320	uc007ncj.1_3utr	+	1	0,	2217	2217	111
chr12	16984638	16988274	uc007nch.1_3utr	+	1	0,	3636	3636	182
chr12	16988647	16989806	uc007nck.2_3utr	-	1	0,	1159	1159	58
chr12	16992960	16993302	uc007ncl.2_3utr	-	1	0,	342	342	17
chr12	17004957	17007047	uc007ncm.2_3utr	-	2	0,2062,	1041,28	1069	53
chr12	17004957	17005818	uc011ykn.1_3utr	-	1	0,	861	861	43
chr12	17172099	17174703	uc007ncn.2_3utr	-	1	0,	2604	2604	130
chr12	17281070	17281810	uc007nco.1_3utr	+	1	0,	740	740	37
chr12	17284003	17284770	uc007ncp.1_3utr	+	1	0,	767	767	38
chr12	17284720	17284861	uc007ncr.2_3utr	-	1	0,	141	141	7
chr12	17284720	17284861	uc007ncq.1_3utr	-	1	0,	141	141	7
chr12	17284720	17284861	uc007ncs.2_3utr	-	1	0,	141	141	7
chr12	17429231	17430095	uc007ncu.1_3utr	+	1	0,	864	864	43
chr12	17550748	17551502	uc007ncv.1_3utr	+	1	0,	754	754	38
chr12	17786545	17786548	uc007ncw.1_3utr	+	1	0,	3	3	0
chr12	17791201	17791926	uc007ncx.1_3utr	+	1	0,	725	725	36
chr12	17791201	17791926	uc007ncy.1_3utr	+	1	0,	725	725	36
chr12	18534188	18535254	uc007ndb.2_3utr	+	1	0,	1066	1066	53
chr12	18534188	18535254	uc011ykq.1_3utr	+	1	0,	1066	1066	53
chr12	21039772	21040425	uc029rrg.2_3utr	+	1	0,	653	653	33
chr12	21267789	21270171	uc011ykr.1_3utr	+	1	0,	2382	2382	119
chr12	21267789	21270171	uc007ndj.1_3utr	+	1	0,	2382	2382	119
chr12	21267789	21270171	uc007ndk.1_3utr	+	1	0,	2382	2382	119
chr12	21267789	21270171	uc007ndi.1_3utr	+	1	0,	2382	2382	119
chr12	21269805	21270888	uc007ndm.1_3utr	-	1	0,	1083	1083	54
chr12	21269805	21270888	uc007ndl.1_3utr	-	1	0,	1083	1083	54
chr12	21271287	21271385	uc007ndn.1_3utr	-	1	0,	98	98	5
chr12	21308010	21308234	uc007ndo.2_3utr	+	1	0,	224	224	11
chr12	21314746	21315056	uc007ndq.2_3utr	+	1	0,	310	310	16
chr12	21314746	21315056	uc007ndp.2_3utr	+	1	0,	310	310	16
chr12	21319960	21321358	uc007nds.1_3utr	+	1	0,	1398	1398	70
chr12	21323468	21323607	uc007ndt.1_3utr	+	1	0,	139	139	7
chr12	21323508	21325278	uc007ndu.2_3utr	-	1	0,	1770	1770	88
chr12	21323508	21325278	uc011yku.2_3utr	-	1	0,	1770	1770	88
chr12	21323508	21325278	uc011yks.2_3utr	-	1	0,	1770	1770	88
chr12	21323508	21325278	uc007ndv.2_3utr	-	1	0,	1770	1770	88
chr12	21390328	21391748	uc007ndx.1_3utr	-	2	0,1388,	1087,32	1119	56
chr12	21390328	21391358	uc007ndy.1_3utr	-	1	0,	1030	1030	52
chr12	21390328	21391358	uc007ndw.1_3utr	-	1	0,	1030	1030	52
chr12	24043201	24044703	uc007neh.1_3utr	-	1	0,	1502	1502	75
chr12	24509455	24509746	uc007nei.2_3utr	+	1	0,	291	291	15
chr12	24549591	24549723	uc007nej.2_3utr	+	1	0,	132	132	7
chr12	24558361	24558571	uc007nel.2_3utr	+	1	0,	210	210	10
chr12	24558361	24558571	uc007nek.2_3utr	+	1	0,	210	210	10
chr12	24615929	24617391	uc007nem.2_3utr	+	1	0,	1462	1462	73
chr12	24615929	24617391	uc007nen.2_3utr	+	1	0,	1462	1462	73
chr12	24660460	24662782	uc007neo.2_3utr	+	1	0,	2322	2322	116
chr12	24665837	24667129	uc007neq.1_3utr	-	3	0,929,1252,	415,61,40	516	26
chr12	24665837	24667129	uc007nep.1_3utr	-	3	0,929,1252,	344,61,40	445	22
chr12	24665837	24667129	uc011yla.1_3utr	-	3	0,929,1252,	384,61,40	485	24
chr12	24713229	24714146	uc007ner.2_3utr	+	1	0,	917	917	46
chr12	24946683	24946686	uc007net.1_3utr	+	1	0,	3	3	0
chr12	24959157	24960299	uc007nex.1_3utr	+	1	0,	1142	1142	57
chr12	24959157	24960299	uc007neu.1_3utr	+	1	0,	1142	1142	57
chr12	24959157	24960299	uc007new.1_3utr	+	1	0,	1142	1142	57
chr12	24959157	24960299	uc007nev.1_3utr	+	1	0,	1142	1142	57
chr12	24995093	24995156	uc007nez.1_3utr	+	1	0,	63	63	3
chr12	25051262	25051364	uc007nfd.1_3utr	+	1	0,	102	102	5
chr12	25057838	25059697	uc007nfa.1_3utr	+	1	0,	1859	1859	93
chr12	25057838	25059697	uc056ypu.1_3utr	+	1	0,	1859	1859	93
chr12	25057838	25059697	uc056ypv.1_3utr	+	1	0,	1859	1859	93
chr12	25057838	25059697	uc056yps.1_3utr	+	1	0,	1859	1859	93
chr12	25057838	25059697	uc056ypt.1_3utr	+	1	0,	1859	1859	93
chr12	25057838	25059697	uc007nfb.2_3utr	+	1	0,	1859	1859	93
chr12	25061274	25063145	uc007nfc.1_3utr	+	2	0,1428,	4,443	447	22
chr12	25093798	25095320	uc007nfe.2_3utr	-	2	0,1512,	778,10	788	39
chr12	26306793	26310660	uc007nfg.2_3utr	-	1	0,	3867	3867	193
chr12	26306793	26310660	uc007nff.2_3utr	-	1	0,	3867	3867	193
chr12	26442742	26445408	uc007nfh.2_3utr	-	1	0,	2666	2666	133
chr12	26442742	26447158	uc011ylb.1_3utr	-	2	0,4409,	2828,7	2835	142
chr12	26478126	26479837	uc007nfj.1_3utr	+	1	0,	1711	1711	86
chr12	27334267	27341223	uc007nfn.2_3utr	-	1	0,	6956	6956	348
chr12	28437794	28438450	uc007nfo.1_3utr	-	1	0,	656	656	33
chr12	28553755	28553840	uc007nfq.3_3utr	-	1	0,	85	85	4
chr12	28553755	28553840	uc007nfp.3_3utr	-	1	0,	85	85	4
chr12	28594172	28594659	uc007nfr.1_3utr	-	1	0,	487	487	24
chr12	28630846	28631118	uc007nfs.2_3utr	-	1	0,	272	272	14
chr12	28659076	28659591	uc007nft.2_3utr	+	1	0,	515	515	26
chr12	28681082	28682174	uc007nfv.1_3utr	+	1	0,	1092	1092	55
chr12	28690627	28691317	uc007nfx.2_3utr	-	1	0,	690	690	34
chr12	28690627	28691317	uc007nfw.2_3utr	-	1	0,	690	690	34
chr12	28702806	28703502	uc007nfy.2_3utr	-	1	0,	696	696	35
chr12	28709506	28710363	uc011ylc.1_3utr	-	1	0,	857	857	43
chr12	28718616	28720941	uc007nfz.2_3utr	-	1	0,	2325	2325	116
chr12	28735507	28737699	uc007nga.2_3utr	-	1	0,	2192	2192	110
chr12	28867092	28867491	uc007ngb.2_3utr	+	1	0,	399	399	20
chr12	29856205	29857799	uc007ngi.1_3utr	+	1	0,	1594	1594	80
chr12	29856205	29857799	uc007ngh.1_3utr	+	1	0,	1594	1594	80
chr12	29920478	29923209	uc007ngd.1_3utr	+	1	0,	2731	2731	137
chr12	29920478	29923209	uc007ngg.1_3utr	+	1	0,	2731	2731	137
chr12	29920478	29923209	uc007nge.1_3utr	+	1	0,	2731	2731	137
chr12	29920478	29923209	uc007ngf.1_3utr	+	1	0,	2731	2731	137
chr12	29987301	29988994	uc007ngj.1_3utr	+	1	0,	1693	1693	85
chr12	29987301	29989546	uc007ngk.1_3utr	+	1	0,	2245	2245	112
chr12	30015567	30017658	uc007ngm.2_3utr	+	1	0,	2091	2091	105
chr12	30015567	30017658	uc007ngl.2_3utr	+	1	0,	2091	2091	105
chr12	30054660	30055127	uc007ngo.1_3utr	-	1	0,	467	467	23
chr12	30116617	30116784	uc007ngp.1_3utr	-	1	0,	167	167	8
chr12	30174556	30175130	uc007ngr.2_3utr	-	1	0,	574	574	29
chr12	30174556	30175130	uc007ngq.2_3utr	-	1	0,	574	574	29
chr12	30174556	30175130	uc011yld.1_3utr	-	1	0,	574	574	29
chr12	30174556	30175130	uc011yle.1_3utr	-	1	0,	574	574	29
chr12	30245117	30245120	uc011ylf.1_3utr	-	1	0,	3	3	0
chr12	30588744	30591219	uc007ngu.2_3utr	+	1	0,	2475	2475	124
chr12	30890094	30893854	uc007ngv.1_3utr	+	2	0,3170,	4,590	594	30
chr12	30893325	30895878	uc007ngw.2_3utr	-	1	0,	2553	2553	128
chr12	30893325	30895878	uc007ngx.2_3utr	-	1	0,	2553	2553	128
chr12	30959991	30960160	uc011ylg.2_3utr	+	1	0,	169	169	8
chr12	30959991	30960160	uc007ngz.2_3utr	+	1	0,	169	169	8
chr12	31075303	31075306	uc033gcy.1_3utr	+	1	0,	3	3	0
chr12	31075303	31079940	uc007nhb.1_3utr	+	2	0,3322,	19,1315	1334	67
chr12	31185174	31185922	uc033gcz.1_3utr	+	1	0,	748	748	37
chr12	31266998	31268860	uc007nhc.1_3utr	+	1	0,	1862	1862	93
chr12	31285742	31285746	uc007nhe.1_3utr	+	1	0,	4	4	0
chr12	31288054	31288058	uc007nhf.1_3utr	+	1	0,	4	4	0
chr12	31329490	31329639	uc007nhd.1_3utr	+	1	0,	149	149	7
chr12	31331561	31332179	uc007nhg.3_3utr	-	1	0,	618	618	31
chr12	31452684	31452866	uc007nhh.2_3utr	+	1	0,	182	182	9
chr12	31452684	31452866	uc007nhk.1_3utr	+	1	0,	182	182	9
chr12	31452684	31452866	uc007nhi.2_3utr	+	1	0,	182	182	9
chr12	31473492	31473919	uc007nhj.2_3utr	+	1	0,	427	427	21
chr12	31484828	31487281	uc007nhl.2_3utr	-	1	0,	2453	2453	123
chr12	31484828	31487281	uc007nhm.2_3utr	-	1	0,	2453	2453	123
chr12	31484828	31487281	uc007nhn.2_3utr	-	1	0,	2453	2453	123
chr12	31519818	31520346	uc007nho.1_3utr	-	1	0,	528	528	26
chr12	31595353	31596344	uc007nhq.2_3utr	-	1	0,	991	991	50
chr12	31595353	31596344	uc007nhp.1_3utr	-	1	0,	991	991	50
chr12	31640054	31640678	uc007nhr.1_3utr	-	1	0,	624	624	31
chr12	31706866	31708714	uc007nht.2_3utr	-	1	0,	1848	1848	92
chr12	31925756	31937630	uc007nhs.1_3utr	+	2	0,11420,	35,454	489	24
chr12	31926454	31927492	uc007nhu.2_3utr	-	1	0,	1038	1038	52
chr12	31929382	31930680	uc007nhv.2_3utr	-	1	0,	1298	1298	65
chr12	31936458	31936953	uc007nhw.2_3utr	-	1	0,	495	495	25
chr12	31958475	31960391	uc007nhx.2_3utr	-	2	0,1906,	246,10	256	13
chr12	31958478	31960391	uc007nhy.1_3utr	-	1	0,	1913	1913	96
chr12	32173396	32176580	uc007nib.2_3utr	-	1	0,	3184	3184	159
chr12	32173396	32176580	uc007nic.2_3utr	-	1	0,	3184	3184	159
chr12	32173396	32176580	uc011ylh.1_3utr	-	1	0,	3184	3184	159
chr12	32379637	32382943	uc007nie.2_3utr	+	1	0,	3306	3306	165
chr12	32850530	32853369	uc007nif.2_3utr	+	1	0,	2839	2839	142
chr12	32975721	32979502	uc007nih.2_3utr	+	1	0,	3781	3781	189
chr12	32975721	32979502	uc007nii.2_3utr	+	1	0,	3781	3781	189
chr12	33033795	33034922	uc007nij.1_3utr	-	2	0,1121,	353,6	359	18
chr12	33059685	33060230	uc007nik.1_3utr	-	1	0,	545	545	27
chr12	33249933	33251157	uc007nio.2_3utr	+	1	0,	1224	1224	61
chr12	33249933	33251157	uc007nin.2_3utr	+	1	0,	1224	1224	61
chr12	33326134	33328833	uc007nip.2_3utr	+	1	0,	2699	2699	135
chr12	33368058	33368277	uc007niq.2_3utr	+	1	0,	219	219	11
chr12	33368058	33368277	uc007nis.2_3utr	+	1	0,	219	219	11
chr12	33371132	33372357	uc007nir.1_3utr	+	1	0,	1225	1225	61
chr12	33401226	33401269	uc007nit.2_3utr	+	1	0,	43	43	2
chr12	33438077	33439380	uc007niu.1_3utr	+	1	0,	1303	1303	65
chr12	33928993	33929309	uc007niv.1_3utr	+	1	0,	316	316	16
chr12	33958595	33958598	uc033gda.1_3utr	+	1	0,	3	3	0
chr12	33958595	33959831	uc007niw.1_3utr	+	2	0,574,	43,662	705	35
chr12	34047581	34052303	uc007niy.2_3utr	-	1	0,	4722	4722	236
chr12	34047581	34052303	uc007nix.1_3utr	-	1	0,	4722	4722	236
chr12	34371496	34373829	uc007nja.1_3utr	-	1	0,	2333	2333	117
chr12	34371496	34373829	uc007njc.2_3utr	-	1	0,	2333	2333	117
chr12	34371496	34373829	uc007njb.1_3utr	-	1	0,	2333	2333	117
chr12	34434312	34437031	uc007njd.1_3utr	-	1	0,	2719	2719	136
chr12	34985841	34986436	uc007nje.1_3utr	+	1	0,	595	595	30
chr12	35091711	35091966	uc007njf.2_3utr	+	1	0,	255	255	13
chr12	35123022	35123025	uc011yli.1_3utr	+	1	0,	3	3	0
chr12	35144333	35147477	uc011ylj.1_3utr	+	1	0,	3144	3144	157
chr12	35144333	35147477	uc007njh.2_3utr	+	1	0,	3144	3144	157
chr12	35144333	35147477	uc007njg.2_3utr	+	1	0,	3144	3144	157
chr12	35497978	35500691	uc007nji.1_3utr	-	1	0,	2713	2713	136
chr12	35503712	35503715	uc011yll.1_3utr	-	1	0,	3	3	0
chr12	35949543	35949730	uc007njl.2_3utr	+	1	0,	187	187	9
chr12	36003898	36004081	uc007njm.1_3utr	+	1	0,	183	183	9
chr12	36014554	36015700	uc007njn.1_3utr	-	1	0,	1146	1146	57
chr12	36091036	36091829	uc007njo.1_3utr	+	1	0,	793	793	40
chr12	36091834	36092283	uc007njp.2_3utr	-	1	0,	449	449	22
chr12	36104248	36104253	uc007njq.2_3utr	-	1	0,	5	5	0
chr12	36122780	36123886	uc007njr.3_3utr	-	1	0,	1106	1106	55
chr12	36187803	36188215	uc007njs.2_3utr	+	1	0,	412	412	21
chr12	36196398	36197291	uc007njt.2_3utr	+	1	0,	893	893	45
chr12	36196398	36197291	uc007nju.1_3utr	+	1	0,	893	893	45
chr12	36208344	36208538	uc007njv.1_3utr	-	1	0,	194	194	10
chr12	36209562	36209689	uc007njw.1_3utr	-	1	0,	127	127	6
chr12	36317444	36318452	uc007njx.2_3utr	+	1	0,	1008	1008	50
chr12	36476774	36478818	uc007njy.3_3utr	+	1	0,	2044	2044	102
chr12	36476774	36478818	uc007nkd.1_3utr	+	1	0,	2044	2044	102
chr12	36502120	36504865	uc007njz.3_3utr	+	1	0,	2745	2745	137
chr12	36688350	36689503	uc007nkc.3_3utr	+	1	0,	1153	1153	58
chr12	36688350	36689503	uc007nkb.3_3utr	+	1	0,	1153	1153	58
chr12	36688350	36689503	uc007nke.3_3utr	+	1	0,	1153	1153	58
chr12	37178374	37179528	uc007nkf.1_3utr	+	1	0,	1154	1154	58
chr12	37402191	37404228	uc007nkg.1_3utr	+	1	0,	2037	2037	102
chr12	37581521	37581932	uc007nkh.1_3utr	+	1	0,	411	411	21
chr12	38136678	38136840	uc007nki.1_3utr	+	1	0,	162	162	8
chr12	38173867	38175077	uc007nkk.1_3utr	+	1	0,	1210	1210	60
chr12	38173867	38175077	uc007nkm.1_3utr	+	1	0,	1210	1210	60
chr12	38630687	38633410	uc007nkl.1_3utr	+	1	0,	2723	2723	136
chr12	38630687	38633410	uc007nkj.1_3utr	+	1	0,	2723	2723	136
chr12	38630687	38633410	uc007nkn.1_3utr	+	1	0,	2723	2723	136
chr12	38857024	38868215	uc033gdb.1_3utr	+	3	0,4262,8523,	86,102,2668	2856	143
chr12	38857024	38868215	uc033gdd.1_3utr	+	3	0,4262,8523,	86,102,2668	2856	143
chr12	38865766	38868215	uc033gdc.1_3utr	+	1	0,	2449	2449	122
chr12	38865766	38868215	uc033gde.1_3utr	+	1	0,	2449	2449	122
chr12	40033290	40036146	uc007nkt.1_3utr	-	1	0,	2856	2856	143
chr12	40033290	40036146	uc007nks.1_3utr	-	1	0,	2856	2856	143
chr12	40036143	40036146	uc033gdf.1_3utr	-	1	0,	3	3	0
chr12	40059770	40060502	uc007nkw.2_3utr	-	1	0,	732	732	37
chr12	40059770	40060502	uc011yln.1_3utr	-	1	0,	732	732	37
chr12	40176385	40177100	uc007nkx.1_3utr	-	1	0,	715	715	36
chr12	40176385	40177182	uc011ylo.1_3utr	-	1	0,	797	797	40
chr12	40176385	40177100	uc011ylp.1_3utr	-	1	0,	715	715	36
chr12	40203128	40203364	uc007nky.2_3utr	-	1	0,	236	236	12
chr12	40315045	40315719	uc007nlb.2_3utr	-	1	0,	674	674	34
chr12	40315045	40315719	uc007nla.2_3utr	-	1	0,	674	674	34
chr12	40636232	40637690	uc007nlc.1_3utr	+	1	0,	1458	1458	73
chr12	40640454	40640902	uc007nld.1_3utr	+	1	0,	448	448	22
chr12	40693044	40694034	uc007nle.1_3utr	+	1	0,	990	990	50
chr12	40725904	40727445	uc007nlf.1_3utr	+	1	0,	1541	1541	77
chr12	40790162	40790321	uc007nlg.1_3utr	+	1	0,	159	159	8
chr12	40795706	40798082	uc029rsa.1_3utr	+	1	0,	2376	2376	119
chr12	40810579	40811341	uc007nli.1_3utr	+	1	0,	762	762	38
chr12	40844662	40846488	uc007nlj.1_3utr	+	1	0,	1826	1826	91
chr12	40844662	40846488	uc007nlh.1_3utr	+	1	0,	1826	1826	91
chr12	40844662	40846488	uc007nlk.2_3utr	+	1	0,	1826	1826	91
chr12	41110938	41110943	uc033gdg.1_3utr	+	1	0,	5	5	0
chr12	41451667	41452195	uc033gdi.1_3utr	-	1	0,	528	528	26
chr12	41451667	41452195	uc007nln.2_3utr	-	1	0,	528	528	26
chr12	41451667	41452195	uc033gdh.1_3utr	-	1	0,	528	528	26
chr12	41452192	41452195	uc033gdj.1_3utr	-	1	0,	3	3	0
chr12	41955097	41955588	uc029rsc.2_3utr	+	1	0,	491	491	25
chr12	44205896	44206956	uc007nlo.1_3utr	-	1	0,	1060	1060	53
chr12	44223374	44224380	uc029rsg.1_3utr	+	1	0,	1006	1006	50
chr12	44308116	44313435	uc007nlr.1_3utr	+	2	0,3208,	31,2111	2142	107
chr12	44311596	44313435	uc007nlp.1_3utr	+	1	0,	1839	1839	92
chr12	44311596	44313435	uc007nlq.1_3utr	+	1	0,	1839	1839	92
chr12	44544954	44546824	uc007nls.2_3utr	+	1	0,	1870	1870	94
chr12	44545452	44546824	uc007nlw.1_3utr	+	1	0,	1372	1372	69
chr12	44576839	44577399	uc007nlt.2_3utr	+	1	0,	560	560	28
chr12	44598584	44601846	uc007nlu.2_3utr	+	1	0,	3262	3262	163
chr12	44598584	44601846	uc007nma.2_3utr	+	1	0,	3262	3262	163
chr12	44598584	44601846	uc007nlz.2_3utr	+	1	0,	3262	3262	163
chr12	44598584	44601846	uc007nlv.2_3utr	+	1	0,	3262	3262	163
chr12	44598584	44601846	uc007nmb.2_3utr	+	1	0,	3262	3262	163
chr12	44852485	44855856	uc007nmc.1_3utr	-	1	0,	3371	3371	169
chr12	46694516	46699971	uc007nmd.2_3utr	-	1	0,	5455	5455	273
chr12	46719777	46720680	uc007nme.2_3utr	-	1	0,	903	903	45
chr12	49385928	49386867	uc007nmf.2_3utr	+	1	0,	939	939	47
chr12	49385928	49386867	uc011ylr.1_3utr	+	1	0,	939	939	47
chr12	49391239	49394127	uc007nmg.1_3utr	+	1	0,	2888	2888	144
chr12	50341231	50342004	uc007nmj.1_3utr	-	1	0,	773	773	39
chr12	51372719	51376986	uc007nmm.2_3utr	+	1	0,	4267	4267	213
chr12	51372719	51376986	uc011yls.1_3utr	+	1	0,	4267	4267	213
chr12	51372719	51376986	uc007nml.2_3utr	+	1	0,	4267	4267	213
chr12	51400107	51401784	uc007nmo.1_3utr	+	1	0,	1677	1677	84
chr12	51415641	51417215	uc007nmp.1_3utr	+	1	0,	1574	1574	79
chr12	51449927	51450096	uc007nmq.1_3utr	+	1	0,	169	169	8
chr12	51605029	51605773	uc007nmr.2_3utr	+	1	0,	744	744	37
chr12	51605029	51605773	uc007nms.2_3utr	+	1	0,	744	744	37
chr12	51608540	51610105	uc007nmt.2_3utr	-	1	0,	1565	1565	78
chr12	51608540	51610105	uc007nmu.2_3utr	-	1	0,	1565	1565	78
chr12	51738678	51738939	uc007nmv.2_3utr	+	1	0,	261	261	13
chr12	51738912	51738933	uc007nmw.2_3utr	+	1	0,	21	21	1
chr12	51743721	51744523	uc007nmz.2_3utr	-	1	0,	802	802	40
chr12	51758039	51759217	uc007nmy.1_3utr	-	1	0,	1178	1178	59
chr12	51875872	51877314	uc007nnb.1_3utr	-	1	0,	1442	1442	72
chr12	51875872	51877314	uc007nna.1_3utr	-	1	0,	1442	1442	72
chr12	51936098	51938069	uc007nnc.1_3utr	-	1	0,	1971	1971	99
chr12	51988311	51988809	uc007nnd.1_3utr	-	1	0,	498	498	25
chr12	51997506	51999550	uc007nne.1_3utr	-	1	0,	2044	2044	102
chr12	52023003	52023237	uc007nnf.1_3utr	-	1	0,	234	234	12
chr12	52023234	52023237	uc033gdm.1_3utr	-	1	0,	3	3	0
chr12	52105347	52144780	uc007nng.2_3utr	+	2	0,38621,	48,812	860	43
chr12	52310761	52310959	uc007nnh.2_3utr	+	1	0,	198	198	10
chr12	52519964	52519967	uc007nni.1_3utr	+	1	0,	3	3	0
chr12	52567335	52567851	uc007nnk.1_3utr	+	1	0,	516	516	26
chr12	52888060	52888063	uc007nnn.1_3utr	+	1	0,	3	3	0
chr12	53142725	53151015	uc007nnm.1_3utr	+	2	0,5085,	43,3205	3248	162
chr12	53147906	53151015	uc011ylu.1_3utr	+	1	0,	3109	3109	155
chr12	53501274	53501278	uc033gdn.1_3utr	+	1	0,	4	4	0
chr12	54069071	54072175	uc007nno.1_3utr	+	1	0,	3104	3104	155
chr12	54069071	54072175	uc007nnp.1_3utr	+	1	0,	3104	3104	155
chr12	54178980	54180626	uc007nns.2_3utr	-	1	0,	1646	1646	82
chr12	54645373	54646434	uc007nnt.1_3utr	-	1	0,	1061	1061	53
chr12	54673466	54673585	uc007nnu.1_3utr	-	1	0,	119	119	6
chr12	54673466	54673585	uc011ylx.1_3utr	-	1	0,	119	119	6
chr12	54746356	54747008	uc007nnv.1_3utr	-	1	0,	652	652	33
chr12	54756844	54757005	uc007nnw.1_3utr	-	1	0,	161	161	8
chr12	54858818	54861127	uc007nnx.1_3utr	-	1	0,	2309	2309	115
chr12	54892988	54894307	uc007nnz.2_3utr	-	1	0,	1319	1319	66
chr12	55045660	55045829	uc007nod.1_3utr	-	1	0,	169	169	8
chr12	55053753	55057199	uc007noe.1_3utr	-	1	0,	3446	3446	172
chr12	55112888	55115367	uc007nof.1_3utr	+	1	0,	2479	2479	124
chr12	55138976	55142082	uc007nog.1_3utr	+	1	0,	3106	3106	155
chr12	55187948	55189213	uc007noh.1_3utr	+	1	0,	1265	1265	63
chr12	55214040	55217146	uc007noj.1_3utr	+	1	0,	3106	3106	155
chr12	55262215	55263480	uc007nok.2_3utr	+	1	0,	1265	1265	63
chr12	55278535	55279329	uc007nol.2_3utr	+	1	0,	794	794	40
chr12	55280813	55281619	uc007nom.1_3utr	-	1	0,	806	806	40
chr12	55296731	55298311	uc007non.1_3utr	-	1	0,	1580	1580	79
chr12	55306387	55307589	uc007noo.2_3utr	+	1	0,	1202	1202	60
chr12	55382397	55382491	uc007nop.2_3utr	+	1	0,	94	94	5
chr12	55418291	55418459	uc007noq.2_3utr	+	1	0,	168	168	8
chr12	55489408	55489924	uc007nor.2_3utr	-	1	0,	516	516	26
chr12	55566383	55566896	uc007nos.3_3utr	+	1	0,	513	513	26
chr12	55600951	55602017	uc007not.1_3utr	+	1	0,	1066	1066	53
chr12	55602889	55612098	uc007nou.2_3utr	-	2	0,9183,	1379,26	1405	70
chr12	55602889	55604122	uc007nov.2_3utr	-	1	0,	1233	1233	62
chr12	55602889	55612098	uc011ymb.2_3utr	-	2	0,9183,	1379,26	1405	70
chr12	55657164	55659023	uc007now.1_3utr	-	1	0,	1859	1859	93
chr12	55712467	55712625	uc007nox.2_3utr	-	1	0,	158	158	8
chr12	55722178	55722183	uc007noy.2_3utr	-	1	0,	5	5	0
chr12	55861168	55861171	uc007noz.1_3utr	+	1	0,	3	3	0
chr12	55868276	55869735	uc007npa.1_3utr	+	1	0,	1459	1459	73
chr12	56328306	56328697	uc007npc.2_3utr	-	1	0,	391	391	20
chr12	56531934	56533037	uc007npf.3_3utr	-	1	0,	1103	1103	55
chr12	56531934	56533037	uc007npg.3_3utr	-	1	0,	1103	1103	55
chr12	56611396	56611722	uc007nph.1_3utr	-	1	0,	326	326	16
chr12	56709904	56711230	uc007npi.1_3utr	+	1	0,	1326	1326	66
chr12	56712633	56713815	uc007npj.2_3utr	-	1	0,	1182	1182	59
chr12	56712633	56713815	uc011ymc.1_3utr	-	1	0,	1182	1182	59
chr12	56773511	56775256	uc007npk.1_3utr	-	1	0,	1745	1745	87
chr12	57239379	57242168	uc007npl.2_3utr	+	1	0,	2789	2789	139
chr12	57239379	57239382	uc033gdp.1_3utr	+	1	0,	3	3	0
chr12	57307472	57308695	uc007npm.1_3utr	+	1	0,	1223	1223	61
chr12	57325666	57326075	uc007npn.1_3utr	+	1	0,	409	409	20
chr12	57352800	57354220	uc007npo.1_3utr	+	1	0,	1420	1420	71
chr12	57364264	57365758	uc007npp.1_3utr	+	1	0,	1494	1494	75
chr12	57457184	57457241	uc007npq.2_3utr	+	1	0,	57	57	3
chr12	57460962	57467041	uc007npr.1_3utr	+	2	0,5493,	22,586	608	30
chr12	57540631	57542028	uc007nps.1_3utr	-	1	0,	1397	1397	70
chr12	57622096	57622109	uc007npt.1_3utr	+	1	0,	13	13	1
chr12	58213765	58213768	uc033gdq.1_3utr	+	1	0,	3	3	0
chr12	58213765	58216036	uc007npu.1_3utr	+	1	0,	2271	2271	114
chr12	58264719	58267457	uc007npv.2_3utr	-	1	0,	2738	2738	137
chr12	58958383	58959999	uc007npw.1_3utr	-	1	0,	1616	1616	81
chr12	59027773	59027988	uc007npx.2_3utr	+	1	0,	215	215	11
chr12	59043091	59043647	uc007npz.2_3utr	-	1	0,	556	556	28
chr12	59043091	59043647	uc007npy.1_3utr	-	1	0,	556	556	28
chr12	59069263	59071536	uc007nqa.1_3utr	+	1	0,	2273	2273	114
chr12	59072810	59074017	uc007nqb.1_3utr	+	1	0,	1207	1207	60
chr12	59109053	59109130	uc007nqc.1_3utr	+	1	0,	77	77	4
chr12	59146954	59146957	uc007nqh.1_3utr	+	1	0,	3	3	0
chr12	59163014	59163019	uc007nqe.2_3utr	+	1	0,	5	5	0
chr12	59163014	59163019	uc007nqd.2_3utr	+	1	0,	5	5	0
chr12	59189796	59190220	uc007nqf.2_3utr	+	1	0,	424	424	21
chr12	59189796	59190220	uc007nqg.2_3utr	+	1	0,	424	424	21
chr12	59189796	59190220	uc007nqi.2_3utr	+	1	0,	424	424	21
chr12	59200654	59202410	uc007nqj.2_3utr	-	1	0,	1756	1756	88
chr12	59200654	59202410	uc007nqk.2_3utr	-	1	0,	1756	1756	88
chr12	61844164	61845258	uc007nqm.1_3utr	+	1	0,	1094	1094	55
chr12	61857548	61857922	uc007nqn.1_3utr	+	1	0,	374	374	19
chr12	64471332	64471504	uc011yme.1_3utr	-	1	0,	172	172	9
chr12	64924340	64924591	uc007nqo.1_3utr	+	1	0,	251	251	13
chr12	64942439	64943452	uc007nqp.1_3utr	-	1	0,	1013	1013	51
chr12	64956110	64956837	uc007nqq.1_3utr	-	1	0,	727	727	36
chr12	64983579	64983668	uc007nqs.2_3utr	+	1	0,	89	89	4
chr12	65020358	65022573	uc007nqt.2_3utr	+	2	0,1081,	42,1134	1176	59
chr12	65021702	65022573	uc007nqv.2_3utr	+	1	0,	871	871	44
chr12	65021702	65022573	uc007nqu.2_3utr	+	1	0,	871	871	44
chr12	65057908	65057913	uc007nqy.1_3utr	+	1	0,	5	5	0
chr12	65061477	65063386	uc007nra.1_3utr	+	1	0,	1909	1909	95
chr12	65061477	65063386	uc007nqw.1_3utr	+	1	0,	1909	1909	95
chr12	65062431	65062688	uc007nrb.1_3utr	-	1	0,	257	257	13
chr12	65093804	65094084	uc007nrc.1_3utr	+	1	0,	280	280	14
chr12	65099448	65099452	uc007nrd.1_3utr	+	1	0,	4	4	0
chr12	65099457	65101455	uc007nre.1_3utr	+	1	0,	1998	1998	100
chr12	65130446	65132058	uc007nrf.1_3utr	+	1	0,	1612	1612	81
chr12	65130446	65132058	uc011ymf.1_3utr	+	1	0,	1612	1612	81
chr12	65132734	65133533	uc007nrg.2_3utr	-	1	0,	799	799	40
chr12	65148721	65149543	uc011ymg.1_3utr	-	1	0,	822	822	41
chr12	65148721	65148726	uc007nrh.1_3utr	-	1	0,	5	5	0
chr12	65152783	65153804	uc007nri.1_3utr	-	1	0,	1021	1021	51
chr12	65227465	65227468	uc033gdr.1_3utr	+	1	0,	3	3	0
chr12	65227465	65228454	uc007nrk.1_3utr	+	2	0,742,	32,247	279	14
chr12	66283378	66283715	uc011ymh.1_3utr	-	1	0,	337	337	17
chr12	66466058	66471517	uc011ymi.1_3utr	-	1	0,	5459	5459	273
chr12	66466058	66471517	uc007nrm.3_3utr	-	1	0,	5459	5459	273
chr12	66466058	66471517	uc007nrl.3_3utr	-	1	0,	5459	5459	273
chr12	69157721	69157815	uc007nrp.2_3utr	-	1	0,	94	94	5
chr12	69178594	69179010	uc007nrr.1_3utr	+	1	0,	416	416	21
chr12	69178817	69179010	uc007nrq.1_3utr	+	1	0,	193	193	10
chr12	69182733	69182818	uc007nrs.2_3utr	-	1	0,	85	85	4
chr12	69182733	69185893	uc011ymx.1_3utr	-	2	0,3120,	432,40	472	24
chr12	69182815	69182818	uc033gds.1_3utr	-	1	0,	3	3	0
chr12	69185979	69186773	uc011ymy.1_3utr	+	1	0,	794	794	40
chr12	69189837	69189890	uc007nrt.1_3utr	-	1	0,	53	53	3
chr12	69201778	69201866	uc007nrv.1_3utr	-	1	0,	88	88	4
chr12	69201778	69202916	uc011yna.1_3utr	-	2	0,1128,	104,10	114	6
chr12	69221938	69221943	uc007nrw.1_3utr	-	1	0,	5	5	0
chr12	69283316	69283961	uc007nrx.1_3utr	+	1	0,	645	645	32
chr12	69297313	69300159	uc056yqr.1_3utr	+	1	0,	2846	2846	142
chr12	69300296	69301117	uc007nry.2_3utr	+	1	0,	821	821	41
chr12	69305842	69308694	uc007nsb.1_3utr	+	1	0,	2852	2852	143
chr12	69307322	69308666	uc007nrz.2_3utr	+	1	0,	1344	1344	67
chr12	69310273	69310687	uc007nsa.2_3utr	+	1	0,	414	414	21
chr12	69311542	69312005	uc007nse.2_3utr	-	1	0,	463	463	23
chr12	69311542	69312005	uc007nsd.1_3utr	-	1	0,	463	463	23
chr12	69316406	69316730	uc007nsf.1_3utr	-	1	0,	324	324	16
chr12	69324490	69324904	uc007nsg.2_3utr	-	1	0,	414	414	21
chr12	69340992	69341043	uc007nsh.2_3utr	-	1	0,	51	51	3
chr12	69373318	69373321	uc033gdt.1_3utr	+	1	0,	3	3	0
chr12	69373318	69375980	uc007nsj.1_3utr	+	1	0,	2662	2662	133
chr12	69577627	69577928	uc007nsl.1_3utr	-	1	0,	301	301	15
chr12	69583760	69585125	uc007nsn.2_3utr	-	1	0,	1365	1365	68
chr12	69583760	69585125	uc007nso.2_3utr	-	1	0,	1365	1365	68
chr12	69690435	69692303	uc011ynb.1_3utr	-	1	0,	1868	1868	93
chr12	69743830	69744658	uc007nss.1_3utr	+	1	0,	828	828	41
chr12	69743830	69744658	uc007nsr.1_3utr	+	1	0,	828	828	41
chr12	69746847	69747305	uc007nst.1_3utr	-	1	0,	458	458	23
chr12	69803756	69805266	uc007nsu.1_3utr	-	1	0,	1510	1510	76
chr12	69822802	69822806	uc011yne.1_3utr	-	1	0,	4	4	0
chr12	69822802	69822806	uc011ynf.1_3utr	-	1	0,	4	4	0
chr12	69844873	69845640	uc007nsw.1_3utr	-	1	0,	767	767	38
chr12	69848566	69849545	uc007nsx.1_3utr	-	1	0,	979	979	49
chr12	69963335	69964085	uc007nsy.2_3utr	+	1	0,	750	750	38
chr12	69963335	69964085	uc007ntc.2_3utr	+	1	0,	750	750	38
chr12	69963335	69964085	uc007ntb.2_3utr	+	1	0,	750	750	38
chr12	69965012	69966142	uc007nte.2_3utr	-	1	0,	1130	1130	56
chr12	70011434	70014749	uc007ntf.1_3utr	-	1	0,	3315	3315	166
chr12	70018739	70019202	uc007ntg.2_3utr	-	1	0,	463	463	23
chr12	70018739	70019202	uc011ynh.2_3utr	-	1	0,	463	463	23
chr12	70018739	70019202	uc007nti.2_3utr	-	1	0,	463	463	23
chr12	70018739	70019202	uc007nth.2_3utr	-	1	0,	463	463	23
chr12	70031656	70031659	uc007ntj.2_3utr	-	1	0,	3	3	0
chr12	70060646	70061141	uc007ntk.1_3utr	-	1	0,	495	495	25
chr12	70183203	70183206	uc011yni.1_3utr	+	1	0,	3	3	0
chr12	70190814	70190985	uc007ntm.2_3utr	-	1	0,	171	171	9
chr12	70244534	70246391	uc007ntq.3_3utr	-	1	0,	1857	1857	93
chr12	70244534	70246391	uc011ynj.2_3utr	-	1	0,	1857	1857	93
chr12	70244534	70246391	uc007nto.3_3utr	-	1	0,	1857	1857	93
chr12	70244534	70246391	uc007ntp.3_3utr	-	1	0,	1857	1857	93
chr12	70247732	70248171	uc007nts.2_3utr	-	1	0,	439	439	22
chr12	70247732	70248171	uc007ntr.2_3utr	-	1	0,	439	439	22
chr12	70251010	70251015	uc007ntt.1_3utr	-	1	0,	5	5	0
chr12	70263731	70266487	uc011ynl.1_3utr	-	1	0,	2756	2756	138
chr12	70263731	70266487	uc011ynk.1_3utr	-	1	0,	2756	2756	138
chr12	70466153	70467624	uc007ntu.1_3utr	+	1	0,	1471	1471	74
chr12	70895229	70895649	uc007ntw.1_3utr	+	1	0,	420	420	21
chr12	70899665	70902234	uc007ntv.1_3utr	+	1	0,	2569	2569	128
chr12	70899665	70902234	uc007ntx.1_3utr	+	1	0,	2569	2569	128
chr12	70962045	70964717	uc007nty.2_3utr	+	1	0,	2672	2672	134
chr12	70994392	70994923	uc007ntz.2_3utr	+	1	0,	531	531	27
chr12	70994392	70994923	uc007nua.2_3utr	+	1	0,	531	531	27
chr12	71047357	71047360	uc007nue.1_3utr	+	1	0,	3	3	0
chr12	71067333	71067338	uc011ynm.1_3utr	+	1	0,	5	5	0
chr12	71076065	71076069	uc007nuf.1_3utr	+	1	0,	4	4	0
chr12	71097601	71099351	uc007nud.1_3utr	+	1	0,	1750	1750	88
chr12	71123099	71123222	uc007nug.1_3utr	+	1	0,	123	123	6
chr12	71123171	71123554	uc007nuk.1_3utr	-	1	0,	383	383	19
chr12	71123171	71123554	uc007nui.1_3utr	-	1	0,	383	383	19
chr12	71123171	71123554	uc007nuh.1_3utr	-	1	0,	383	383	19
chr12	71123171	71123554	uc007nuj.1_3utr	-	1	0,	383	383	19
chr12	71135554	71136132	uc007num.1_3utr	-	1	0,	578	578	29
chr12	71243092	71243303	uc007nuo.2_3utr	+	1	0,	211	211	11
chr12	71243092	71243303	uc007nun.2_3utr	+	1	0,	211	211	11
chr12	71318891	71320107	uc007nuq.2_3utr	+	1	0,	1216	1216	61
chr12	71318891	71320107	uc007nup.2_3utr	+	1	0,	1216	1216	61
chr12	71952568	71953519	uc007nuw.2_3utr	+	1	0,	951	951	48
chr12	71989885	71992376	uc007nuy.2_3utr	+	1	0,	2491	2491	125
chr12	71989885	71992376	uc007nvb.2_3utr	+	1	0,	2491	2491	125
chr12	71989885	71992376	uc007nux.2_3utr	+	1	0,	2491	2491	125
chr12	71989885	71992376	uc007nuz.2_3utr	+	1	0,	2491	2491	125
chr12	71989885	71992376	uc007nva.2_3utr	+	1	0,	2491	2491	125
chr12	72069617	72069620	uc007nvc.1_3utr	-	1	0,	3	3	0
chr12	72073427	72073913	uc007nvd.1_3utr	-	1	0,	486	486	24
chr12	72076495	72077279	uc007nve.1_3utr	-	1	0,	784	784	39
chr12	72100825	72101527	uc007nvf.2_3utr	+	1	0,	702	702	35
chr12	72100825	72101527	uc007nvg.2_3utr	+	1	0,	702	702	35
chr12	72101291	72101409	uc007nvh.2_3utr	-	1	0,	118	118	6
chr12	72211748	72212537	uc007nvk.2_3utr	-	1	0,	789	789	39
chr12	72211748	72212537	uc007nvj.2_3utr	-	1	0,	789	789	39
chr12	72211748	72212537	uc033gdv.1_3utr	-	1	0,	789	789	39
chr12	72454254	72454766	uc007nvo.2_3utr	+	1	0,	512	512	26
chr12	72467007	72467526	uc007nvl.2_3utr	+	1	0,	519	519	26
chr12	72474057	72474210	uc007nvp.2_3utr	+	1	0,	153	153	8
chr12	72497223	72497239	uc007nvm.2_3utr	+	1	0,	16	16	1
chr12	72510530	72510565	uc007nvn.2_3utr	+	1	0,	35	35	2
chr12	72542118	72542760	uc007nvq.1_3utr	+	1	0,	642	642	32
chr12	72579552	72580213	uc007nvr.1_3utr	+	1	0,	661	661	33
chr12	72650352	72650575	uc007nvs.2_3utr	-	1	0,	223	223	11
chr12	72786815	72787395	uc007nvt.2_3utr	+	1	0,	580	580	29
chr12	72793728	72794940	uc011yno.1_3utr	+	1	0,	1212	1212	61
chr12	72793738	72794940	uc007nvu.2_3utr	+	1	0,	1202	1202	60
chr12	72881108	72881230	uc007nvv.1_3utr	-	1	0,	122	122	6
chr12	72881108	72881230	uc011ynp.1_3utr	-	1	0,	122	122	6
chr12	72911654	72913230	uc007nvw.1_3utr	-	1	0,	1576	1576	79
chr12	72913184	72913189	uc007nvx.1_3utr	-	1	0,	5	5	0
chr12	72941792	72944899	uc007nvy.1_3utr	+	1	0,	3107	3107	155
chr12	73041826	73043537	uc007nwa.2_3utr	-	1	0,	1711	1711	86
chr12	73100258	73103444	uc007nwb.1_3utr	-	1	0,	3186	3186	159
chr12	73108231	73108613	uc007nwc.1_3utr	-	1	0,	382	382	19
chr12	73168153	73170416	uc007nwd.1_3utr	+	1	0,	2263	2263	113
chr12	73272531	73273988	uc007nwe.1_3utr	+	1	0,	1457	1457	73
chr12	73280409	73280966	uc007nwf.1_3utr	-	2	0,546,	223,11	234	12
chr12	73280409	73280552	uc007nwg.1_3utr	-	1	0,	143	143	7
chr12	73310998	73314520	uc007nwh.3_3utr	+	1	0,	3522	3522	176
chr12	73352534	73354045	uc011yns.2_3utr	+	1	0,	1511	1511	76
chr12	73543113	73545280	uc007nwm.1_3utr	-	1	0,	2167	2167	108
chr12	73777055	73778184	uc011ynt.1_3utr	+	1	0,	1129	1129	56
chr12	73777055	73778184	uc007nwn.1_3utr	+	1	0,	1129	1129	56
chr12	73932477	73933076	uc007nwp.2_3utr	+	1	0,	599	599	30
chr12	73945700	73947530	uc007nwr.2_3utr	+	1	0,	1830	1830	92
chr12	73945700	73947530	uc007nwq.2_3utr	+	1	0,	1830	1830	92
chr12	73945700	73947530	uc007nwo.2_3utr	+	1	0,	1830	1830	92
chr12	73983894	73984820	uc007nwt.1_3utr	+	1	0,	926	926	46
chr12	74266948	74267916	uc007nwv.1_3utr	+	1	0,	968	968	48
chr12	74266948	74267916	uc007nwu.1_3utr	+	1	0,	968	968	48
chr12	74299186	74300468	uc007nwy.1_3utr	+	1	0,	1282	1282	64
chr12	74897216	74897509	uc007nwz.2_3utr	-	1	0,	293	293	15
chr12	75394067	75397954	uc007nxb.1_3utr	+	1	0,	3887	3887	194
chr12	75394436	75395817	uc007nxa.1_3utr	+	1	0,	1381	1381	69
chr12	75400250	75401455	uc007nxc.1_3utr	+	1	0,	1205	1205	60
chr12	75411719	75412829	uc007nxd.1_3utr	-	1	0,	1110	1110	56
chr12	75450880	75453716	uc007nxf.1_3utr	-	1	0,	2836	2836	142
chr12	75450880	75453716	uc007nxe.1_3utr	-	1	0,	2836	2836	142
chr12	75515174	75515580	uc007nxh.1_3utr	-	1	0,	406	406	20
chr12	75630593	75632320	uc007nxj.2_3utr	-	1	0,	1727	1727	86
chr12	75632317	75632320	uc033gdw.1_3utr	-	1	0,	3	3	0
chr12	75714247	75716115	uc007nxk.2_3utr	-	1	0,	1868	1868	93
chr12	75721639	75722588	uc007nxl.2_3utr	-	1	0,	949	949	47
chr12	75890475	75891049	uc007nxm.1_3utr	+	1	0,	574	574	29
chr12	75905405	75905903	uc007nxn.1_3utr	+	1	0,	498	498	25
chr12	75906870	75906873	uc011ynv.1_3utr	+	1	0,	3	3	0
chr12	75911282	75913887	uc007nxq.1_3utr	+	1	0,	2605	2605	130
chr12	75923080	75923083	uc007nxo.1_3utr	+	1	0,	3	3	0
chr12	76110041	76110928	uc007nxt.1_3utr	+	1	0,	887	887	44
chr12	76110041	76110928	uc007nxr.1_3utr	+	1	0,	887	887	44
chr12	76110041	76110928	uc007nxs.1_3utr	+	1	0,	887	887	44
chr12	76110041	76110928	uc011ynw.1_3utr	+	1	0,	887	887	44
chr12	76110041	76110928	uc007nxp.1_3utr	+	1	0,	887	887	44
chr12	76120418	76121732	uc007nxv.1_3utr	-	1	0,	1314	1314	66
chr12	76120418	76121732	uc007nxu.1_3utr	-	1	0,	1314	1314	66
chr12	76198689	76198795	uc007nxx.2_3utr	-	1	0,	106	106	5
chr12	76203984	76204079	uc007nxy.2_3utr	-	1	0,	95	95	5
chr12	76317693	76319820	uc007nxz.2_3utr	+	2	0,1887,	7,240	247	12
chr12	76317693	76319820	uc011yny.1_3utr	+	2	0,1887,	7,240	247	12
chr12	76330051	76330054	uc033gdx.1_3utr	+	1	0,	3	3	0
chr12	76330051	76334151	uc007nya.2_3utr	+	1	0,	4100	4100	205
chr12	76348899	76349129	uc011ynz.1_3utr	-	1	0,	230	230	12
chr12	76348899	76349129	uc007nyc.2_3utr	-	1	0,	230	230	12
chr12	76348943	76349129	uc007nyb.1_3utr	-	1	0,	186	186	9
chr12	76387380	76387383	uc033gdy.1_3utr	+	1	0,	3	3	0
chr12	76387380	76388747	uc007nyd.2_3utr	+	1	0,	1367	1367	68
chr12	76394977	76396130	uc007nye.1_3utr	+	1	0,	1153	1153	58
chr12	76406432	76406936	uc007nyf.1_3utr	+	1	0,	504	504	25
chr12	76406432	76406936	uc011yoa.1_3utr	+	1	0,	504	504	25
chr12	76439302	76439491	uc011yob.1_3utr	+	1	0,	189	189	9
chr12	76565864	76568071	uc029rtp.1_3utr	+	1	0,	2207	2207	110
chr12	76566802	76568057	uc007nyi.2_3utr	+	1	0,	1255	1255	63
chr12	76577272	76577276	uc007nyj.2_3utr	+	1	0,	4	4	0
chr12	76578405	76579039	uc007nyk.2_3utr	+	1	0,	634	634	32
chr12	76578405	76579039	uc007nyn.2_3utr	+	1	0,	634	634	32
chr12	76578405	76579039	uc011yod.1_3utr	+	1	0,	634	634	32
chr12	76580487	76583227	uc007nyo.1_3utr	-	1	0,	2740	2740	137
chr12	76596129	76597659	uc007nyp.1_3utr	-	1	0,	1530	1530	76
chr12	76782847	76783178	uc007nyr.1_3utr	+	1	0,	331	331	17
chr12	76782902	76783178	uc007nyq.1_3utr	+	1	0,	276	276	14
chr12	76792334	76792652	uc007nys.1_3utr	-	1	0,	318	318	16
chr12	76797962	76800245	uc007nyt.2_3utr	-	1	0,	2283	2283	114
chr12	76920204	76921412	uc007nyu.1_3utr	+	1	0,	1208	1208	60
chr12	76937268	76938570	uc007nyw.2_3utr	-	1	0,	1302	1302	65
chr12	76937268	76938570	uc011yoe.1_3utr	-	1	0,	1302	1302	65
chr12	76937268	76938570	uc007nyx.2_3utr	-	1	0,	1302	1302	65
chr12	76937268	76938570	uc007nyv.1_3utr	-	1	0,	1302	1302	65
chr12	77412993	77413693	uc007nza.2_3utr	+	1	0,	700	700	35
chr12	77475313	77475996	uc007nzb.2_3utr	+	1	0,	683	683	34
chr12	77475313	77475996	uc029rtq.1_3utr	+	1	0,	683	683	34
chr12	77475313	77475996	uc007nyy.2_3utr	+	1	0,	683	683	34
chr12	77475313	77475996	uc007nyz.2_3utr	+	1	0,	683	683	34
chr12	77475313	77475996	uc029rtr.1_3utr	+	1	0,	683	683	34
chr12	78683908	78684769	uc007nzc.2_3utr	+	1	0,	861	861	43
chr12	78683908	78684769	uc007nzd.2_3utr	+	1	0,	861	861	43
chr12	78734174	78734519	uc007nze.2_3utr	+	2	0,131,	31,214	245	12
chr12	78734386	78734519	uc007nzf.2_3utr	+	1	0,	133	133	7
chr12	78837631	78840713	uc007nzh.2_3utr	+	1	0,	3082	3082	154
chr12	78837631	78840713	uc007nzi.2_3utr	+	1	0,	3082	3082	154
chr12	78837631	78840713	uc007nzg.2_3utr	+	1	0,	3082	3082	154
chr12	78842981	78843471	uc007nzj.1_3utr	-	1	0,	490	490	24
chr12	78884913	78887010	uc007nzk.1_3utr	+	1	0,	2097	2097	105
chr12	78888696	78889182	uc007nzl.2_3utr	-	1	0,	486	486	24
chr12	78961794	78964654	uc007nzo.2_3utr	-	1	0,	2860	2860	143
chr12	78961794	78964654	uc007nzq.2_3utr	-	1	0,	2860	2860	143
chr12	78961794	78964654	uc007nzm.2_3utr	-	1	0,	2860	2860	143
chr12	78961794	78964654	uc007nzn.2_3utr	-	1	0,	2860	2860	143
chr12	78961794	78964654	uc007nzp.2_3utr	-	1	0,	2860	2860	143
chr12	78964651	78964654	uc033gdz.1_3utr	-	1	0,	3	3	0
chr12	79079590	79081655	uc007nzr.2_3utr	+	1	0,	2065	2065	103
chr12	79080669	79082406	uc007nzs.2_3utr	-	1	0,	1737	1737	87
chr12	79081247	79083588	uc007nzt.1_3utr	-	1	0,	2341	2341	117
chr12	79088704	79088944	uc007nzu.1_3utr	-	1	0,	240	240	12
chr12	79156016	79156477	uc007nzy.2_3utr	-	1	0,	461	461	23
chr12	79156016	79156477	uc007nzx.2_3utr	-	1	0,	461	461	23
chr12	79156028	79156301	uc007nzv.2_3utr	+	1	0,	273	273	14
chr12	79175550	79176147	uc007nzz.1_3utr	-	1	0,	597	597	30
chr12	79175550	79176147	uc007oaa.1_3utr	-	1	0,	597	597	30
chr12	79211773	79212214	uc007oab.1_3utr	+	1	0,	441	441	22
chr12	79222062	79222661	uc007oac.1_3utr	+	1	0,	599	599	30
chr12	79222062	79222661	uc011yog.1_3utr	+	1	0,	599	599	30
chr12	79222062	79222661	uc007oad.1_3utr	+	1	0,	599	599	30
chr12	79232346	79233968	uc007oae.1_3utr	-	1	0,	1622	1622	81
chr12	79237720	79238891	uc007oaf.1_3utr	-	1	0,	1171	1171	59
chr12	79251703	79252023	uc007oag.1_3utr	-	1	0,	320	320	16
chr12	79269754	79270836	uc007oah.1_3utr	-	1	0,	1082	1082	54
chr12	79507726	79508654	uc007oaj.1_3utr	+	1	0,	928	928	46
chr12	79813955	79814690	uc007oai.1_3utr	+	1	0,	735	735	37
chr12	80107759	80109591	uc007oal.1_3utr	-	1	0,	1832	1832	92
chr12	80167541	80168324	uc007oap.2_3utr	-	1	0,	783	783	39
chr12	80167541	80168324	uc007oaq.2_3utr	-	1	0,	783	783	39
chr12	80167541	80168324	uc007oao.2_3utr	-	1	0,	783	783	39
chr12	80335846	80338512	uc007oar.2_3utr	-	1	0,	2666	2666	133
chr12	80480771	80481167	uc007oat.1_3utr	+	1	0,	396	396	20
chr12	80484432	80484492	uc007oau.1_3utr	+	1	0,	60	60	3
chr12	80496994	80498135	uc007oav.2_3utr	+	1	0,	1141	1141	57
chr12	80496994	80498135	uc007oas.2_3utr	+	1	0,	1141	1141	57
chr12	80601829	80603896	uc007oaw.1_3utr	+	1	0,	2067	2067	103
chr12	80601829	80603896	uc007oax.1_3utr	+	1	0,	2067	2067	103
chr12	80601829	80603896	uc007oay.1_3utr	+	1	0,	2067	2067	103
chr12	80634022	80634427	uc007oaz.2_3utr	-	1	0,	405	405	20
chr12	80677353	80678354	uc007obb.2_3utr	+	1	0,	1001	1001	50
chr12	80679702	80683342	uc011yoi.1_3utr	+	1	0,	3640	3640	182
chr12	80679702	80683342	uc007obc.2_3utr	+	1	0,	3640	3640	182
chr12	80722482	80724216	uc007obg.2_3utr	+	1	0,	1734	1734	87
chr12	80722482	80724216	uc007obf.2_3utr	+	1	0,	1734	1734	87
chr12	80755446	80757380	uc007obh.2_3utr	-	1	0,	1934	1934	97
chr12	80757377	80757380	uc033gea.1_3utr	-	1	0,	3	3	0
chr12	80877118	80880833	uc007obj.2_3utr	+	1	0,	3715	3715	186
chr12	80877118	80880833	uc007obi.2_3utr	+	1	0,	3715	3715	186
chr12	80949975	80950507	uc007obp.1_3utr	+	1	0,	532	532	27
chr12	80949975	80950507	uc007obo.1_3utr	+	1	0,	532	532	27
chr12	80949975	80950507	uc007obq.1_3utr	+	1	0,	532	532	27
chr12	80949975	80950503	uc007obn.1_3utr	+	1	0,	528	528	26
chr12	80953184	80953637	uc011yoj.1_3utr	-	1	0,	453	453	23
chr12	80955491	80955911	uc007obs.2_3utr	-	1	0,	420	420	21
chr12	81184562	81186414	uc007obu.2_3utr	+	1	0,	1852	1852	93
chr12	81184562	81186414	uc007obt.2_3utr	+	1	0,	1852	1852	93
chr12	81197914	81199493	uc007obv.2_3utr	-	1	0,	1579	1579	79
chr12	81197914	81199493	uc007obw.2_3utr	-	1	0,	1579	1579	79
chr12	81214023	81214027	uc007obx.1_3utr	-	1	0,	4	4	0
chr12	81359025	81359317	uc007obz.1_3utr	-	1	0,	292	292	15
chr12	81359025	81359317	uc007oca.1_3utr	-	1	0,	292	292	15
chr12	81376990	81377138	uc007ocb.1_3utr	-	1	0,	148	148	7
chr12	81419548	81419556	uc007ocd.1_3utr	-	1	0,	8	8	0
chr12	81470703	81472237	uc007oce.1_3utr	-	1	0,	1534	1534	77
chr12	81470703	81472237	uc007ocf.1_3utr	-	1	0,	1534	1534	77
chr12	81492193	81502028	uc007och.2_3utr	-	1	0,	9835	9835	492
chr12	81504123	81504486	uc007ocj.2_3utr	-	1	0,	363	363	18
chr12	81558583	81558799	uc007ock.1_3utr	-	1	0,	216	216	11
chr12	81558796	81558799	uc033geb.1_3utr	-	1	0,	3	3	0
chr12	81573563	81573832	uc007ocl.1_3utr	-	1	0,	269	269	13
chr12	81663592	81664941	uc007ocm.1_3utr	+	1	0,	1349	1349	67
chr12	81714949	81722041	uc007oco.2_3utr	-	1	0,	7092	7092	355
chr12	81728411	81729681	uc007ocp.2_3utr	-	1	0,	1270	1270	64
chr12	81952938	81952941	uc011yol.1_3utr	+	1	0,	3	3	0
chr12	81993255	81993647	uc007ocs.1_3utr	+	1	0,	392	392	20
chr12	81996159	82000924	uc011yom.1_3utr	+	1	0,	4765	4765	238
chr12	81996159	82000924	uc011yon.1_3utr	+	1	0,	4765	4765	238
chr12	81996159	82000924	uc007ocq.1_3utr	+	1	0,	4765	4765	238
chr12	81996159	82000924	uc007oct.1_3utr	+	1	0,	4765	4765	238
chr12	82342495	82342499	uc007ocx.1_3utr	+	1	0,	4	4	0
chr12	82397621	82398176	uc007ocz.1_3utr	+	1	0,	555	555	28
chr12	82446947	82447126	uc007ocv.1_3utr	+	1	0,	179	179	9
chr12	82449935	82451784	uc007ocw.2_3utr	+	1	0,	1849	1849	92
chr12	82450041	82451784	uc007ocu.2_3utr	+	1	0,	1743	1743	87
chr12	82450041	82451784	uc011yoo.1_3utr	+	1	0,	1743	1743	87
chr12	82473175	82476404	uc056yrj.1_3utr	-	1	0,	3229	3229	161
chr12	83157968	83158813	uc007odb.2_3utr	+	1	0,	845	845	42
chr12	83157968	83158813	uc007oda.2_3utr	+	1	0,	845	845	42
chr12	83213750	83215743	uc007odc.2_3utr	-	1	0,	1993	1993	100
chr12	83269010	83269427	uc007ode.2_3utr	-	1	0,	417	417	21
chr12	83269010	83269427	uc007odd.2_3utr	-	1	0,	417	417	21
chr12	83541624	83541992	uc011yop.1_3utr	+	1	0,	368	368	18
chr12	83541624	83541992	uc007odf.2_3utr	+	1	0,	368	368	18
chr12	83546940	83547885	uc007odh.1_3utr	-	1	0,	945	945	47
chr12	83546940	83547885	uc007odg.1_3utr	-	1	0,	945	945	47
chr12	83550820	83550824	uc007odi.1_3utr	-	1	0,	4	4	0
chr12	83591335	83594250	uc056yrk.1_3utr	-	1	0,	2915	2915	146
chr12	83660711	83664001	uc007odl.1_3utr	+	1	0,	3290	3290	164
chr12	83674659	83674663	uc007odj.1_3utr	+	1	0,	4	4	0
chr12	83681592	83683123	uc007odm.2_3utr	+	1	0,	1531	1531	77
chr12	83681592	83683123	uc011yoq.1_3utr	+	1	0,	1531	1531	77
chr12	83724730	83725671	uc007odo.1_3utr	+	1	0,	941	941	47
chr12	83734068	83735199	uc007odp.1_3utr	+	1	0,	1131	1131	57
chr12	83734068	83735199	uc007odq.1_3utr	+	1	0,	1131	1131	57
chr12	83780756	83781132	uc007odt.1_3utr	+	1	0,	376	376	19
chr12	83792004	83792384	uc007ods.3_3utr	+	1	0,	380	380	19
chr12	83792004	83792384	uc007odr.3_3utr	+	1	0,	380	380	19
chr12	83794033	83795441	uc007odv.2_3utr	-	1	0,	1408	1408	70
chr12	83794033	83795441	uc007ody.2_3utr	-	1	0,	1408	1408	70
chr12	83794033	83795441	uc007odu.2_3utr	-	1	0,	1408	1408	70
chr12	83794033	83795441	uc007odw.2_3utr	-	1	0,	1408	1408	70
chr12	83952500	83952953	uc007odz.2_3utr	+	1	0,	453	453	23
chr12	83993077	83993875	uc011yor.1_3utr	+	1	0,	798	798	40
chr12	84017376	84017669	uc007oeb.1_3utr	+	1	0,	293	293	15
chr12	84043793	84044723	uc007oed.1_3utr	+	1	0,	930	930	46
chr12	84059023	84059564	uc007oeg.1_3utr	+	1	0,	541	541	27
chr12	84059023	84059564	uc007oef.1_3utr	+	1	0,	541	541	27
chr12	84075906	84076019	uc007oeh.1_3utr	+	1	0,	113	113	6
chr12	84101499	84103377	uc007oej.2_3utr	+	1	0,	1878	1878	94
chr12	84109536	84109783	uc007oei.1_3utr	+	1	0,	247	247	12
chr12	84138391	84143510	uc011yos.1_3utr	+	1	0,	5119	5119	256
chr12	84138391	84143510	uc011yot.1_3utr	+	1	0,	5119	5119	256
chr12	84138391	84143510	uc007oek.2_3utr	+	1	0,	5119	5119	256
chr12	84146130	84146868	uc007oel.1_3utr	-	1	0,	738	738	37
chr12	84149173	84152404	uc011you.2_3utr	-	1	0,	3231	3231	162
chr12	84149173	84152404	uc007oem.3_3utr	-	1	0,	3231	3231	162
chr12	84302428	84304023	uc007oeo.2_3utr	+	1	0,	1595	1595	80
chr12	84310908	84315832	uc011yov.2_3utr	+	2	0,3028,	50,1896	1946	97
chr12	84310975	84310992	uc007oep.2_3utr	+	1	0,	17	17	1
chr12	84314010	84315832	uc007oes.2_3utr	+	1	0,	1822	1822	91
chr12	84314010	84315832	uc007oer.2_3utr	+	1	0,	1822	1822	91
chr12	84314010	84315832	uc007oeq.2_3utr	+	1	0,	1822	1822	91
chr12	84331896	84332745	uc007oev.2_3utr	+	1	0,	849	849	42
chr12	84333062	84334119	uc007oet.2_3utr	+	1	0,	1057	1057	53
chr12	84335099	84335867	uc007oew.2_3utr	+	1	0,	768	768	38
chr12	84343030	84344439	uc011yow.2_3utr	+	1	0,	1409	1409	70
chr12	84343030	84344439	uc007oex.2_3utr	+	1	0,	1409	1409	70
chr12	84343030	84344439	uc007oey.2_3utr	+	1	0,	1409	1409	70
chr12	84345313	84346830	uc007oez.1_3utr	-	2	0,1473,	1096,44	1140	57
chr12	84345316	84346830	uc011yox.1_3utr	-	1	0,	1514	1514	76
chr12	84345316	84346830	uc007ofa.1_3utr	-	1	0,	1514	1514	76
chr12	84373705	84373796	uc007ofb.2_3utr	+	1	0,	91	91	5
chr12	84373705	84373796	uc007ofc.2_3utr	+	1	0,	91	91	5
chr12	84373875	84377296	uc007ofg.2_3utr	-	1	0,	3421	3421	171
chr12	84373875	84377296	uc007ofe.2_3utr	-	1	0,	3421	3421	171
chr12	84373875	84377296	uc007ofh.2_3utr	-	1	0,	3421	3421	171
chr12	84373875	84377296	uc007ofd.2_3utr	-	1	0,	3421	3421	171
chr12	84373875	84377296	uc007off.2_3utr	-	1	0,	3421	3421	171
chr12	84418346	84418578	uc007ofj.1_3utr	+	1	0,	232	232	12
chr12	84430719	84432446	uc007ofk.2_3utr	-	1	0,	1727	1727	86
chr12	84433303	84433780	uc007ofi.2_3utr	+	1	0,	477	477	24
chr12	84529742	84531533	uc007ofl.1_3utr	+	1	0,	1791	1791	90
chr12	84593451	84595457	uc007ofn.2_3utr	+	1	0,	2006	2006	100
chr12	84593451	84595457	uc007ofm.2_3utr	+	1	0,	2006	2006	100
chr12	84602530	84603093	uc007ofo.2_3utr	-	1	0,	563	563	28
chr12	84602530	84603109	uc007ofp.2_3utr	-	1	0,	579	579	29
chr12	84650697	84651455	uc011ypa.1_3utr	+	1	0,	758	758	38
chr12	84650697	84651455	uc007ofq.1_3utr	+	1	0,	758	758	38
chr12	84650697	84650700	uc033gec.1_3utr	+	1	0,	3	3	0
chr12	84650697	84651455	uc011ypb.1_3utr	+	1	0,	758	758	38
chr12	84677277	84678719	uc007ofr.1_3utr	-	1	0,	1442	1442	72
chr12	84677277	84678719	uc007ofs.1_3utr	-	1	0,	1442	1442	72
chr12	84754558	84757128	uc007oft.1_3utr	-	1	0,	2570	2570	128
chr12	84773782	84775088	uc007ofv.1_3utr	+	1	0,	1306	1306	65
chr12	84774714	84775089	uc007ofu.2_3utr	+	1	0,	375	375	19
chr12	84783211	84784252	uc011ypc.1_3utr	-	1	0,	1041	1041	52
chr12	84783211	84784252	uc011ypd.1_3utr	-	1	0,	1041	1041	52
chr12	84807716	84809142	uc007ofx.1_3utr	-	1	0,	1426	1426	71
chr12	84876345	84879755	uc011ype.1_3utr	+	1	0,	3410	3410	170
chr12	84918148	84920480	uc007ofy.1_3utr	-	1	0,	2332	2332	117
chr12	84918148	84920480	uc007oga.2_3utr	-	1	0,	2332	2332	117
chr12	84923016	84923850	uc007ogb.2_3utr	-	1	0,	834	834	42
chr12	84983214	84983303	uc007ogc.2_3utr	+	1	0,	89	89	4
chr12	85057350	85059334	uc007ogf.1_3utr	+	1	0,	1984	1984	99
chr12	85069762	85070515	uc007oge.1_3utr	+	2	0,342,	37,411	448	22
chr12	85069762	85070515	uc007ogd.1_3utr	+	2	0,342,	37,411	448	22
chr12	85086813	85087371	uc033ged.1_3utr	-	1	0,	558	558	28
chr12	85111229	85114077	uc007ogi.1_3utr	+	1	0,	2848	2848	142
chr12	85131097	85132028	uc007ogl.1_3utr	+	1	0,	931	931	47
chr12	85132750	85134091	uc007ogj.2_3utr	+	1	0,	1341	1341	67
chr12	85135595	85136375	uc007ogn.2_3utr	-	1	0,	780	780	39
chr12	85135595	85136375	uc007ogm.2_3utr	-	1	0,	780	780	39
chr12	85135595	85136375	uc007ogo.2_3utr	-	1	0,	780	780	39
chr12	85135595	85136785	uc007ogp.2_3utr	-	2	0,1150,	888,40	928	46
chr12	85166638	85167413	uc007ogq.2_3utr	-	1	0,	775	775	39
chr12	85166638	85167413	uc033gee.1_3utr	-	1	0,	775	775	39
chr12	85226157	85226628	uc007ogr.1_3utr	+	1	0,	471	471	24
chr12	85234465	85235624	uc007ogs.2_3utr	-	1	0,	1159	1159	58
chr12	85234465	85235624	uc056yrq.1_3utr	-	1	0,	1159	1159	58
chr12	85234465	85235624	uc007ogt.2_3utr	-	1	0,	1159	1159	58
chr12	85272397	85272614	uc007ogu.2_3utr	-	1	0,	217	217	11
chr12	85296671	85299358	uc007ogw.2_3utr	+	1	0,	2687	2687	134
chr12	85299513	85301806	uc007ogx.2_3utr	-	1	0,	2293	2293	115
chr12	85340613	85343430	uc007ogz.1_3utr	-	1	0,	2817	2817	141
chr12	85340613	85343430	uc007ogy.1_3utr	-	1	0,	2817	2817	141
chr12	85476455	85477270	uc007oha.2_3utr	+	1	0,	815	815	41
chr12	85638955	85639878	uc029ruf.1_3utr	+	1	0,	923	923	46
chr12	85638955	85639878	uc007ohb.1_3utr	+	1	0,	923	923	46
chr12	85638955	85639878	uc007ohc.1_3utr	+	1	0,	923	923	46
chr12	85708749	85709087	uc007ohd.1_3utr	+	1	0,	338	338	17
chr12	85812116	85813585	uc007ohe.1_3utr	+	1	0,	1469	1469	73
chr12	85815454	85816116	uc007ohf.1_3utr	-	1	0,	662	662	33
chr12	85843954	85845682	uc007ohh.2_3utr	+	1	0,	1728	1728	86
chr12	85893787	85894743	uc007ohg.1_3utr	+	1	0,	956	956	48
chr12	86024338	86024342	uc011yph.1_3utr	+	1	0,	4	4	0
chr12	86024338	86053760	uc007ohj.2_3utr	+	2	0,28804,	4,618	622	31
chr12	86024338	86053760	uc011ypi.1_3utr	+	2	0,28804,	4,618	622	31
chr12	86056742	86057782	uc007ohn.2_3utr	-	1	0,	1040	1040	52
chr12	86162294	86162459	uc007ohp.2_3utr	+	1	0,	165	165	8
chr12	86162294	86162459	uc007oho.2_3utr	+	1	0,	165	165	8
chr12	86288845	86291368	uc007ohs.1_3utr	+	1	0,	2523	2523	126
chr12	86288972	86291368	uc007ohr.1_3utr	+	1	0,	2396	2396	120
chr12	86514564	86515522	uc007ohu.1_3utr	+	1	0,	958	958	48
chr12	86519062	86521628	uc007oht.2_3utr	+	1	0,	2566	2566	128
chr12	86519062	86521628	uc007ohv.2_3utr	+	1	0,	2566	2566	128
chr12	86519062	86521628	uc007ohw.2_3utr	+	1	0,	2566	2566	128
chr12	86691905	86695681	uc007ohx.2_3utr	+	1	0,	3776	3776	189
chr12	86700501	86702283	uc011ypj.1_3utr	-	1	0,	1782	1782	89
chr12	86762877	86763795	uc011ypk.1_3utr	+	2	0,746,	30,172	202	10
chr12	86880702	86881572	uc007oia.2_3utr	-	1	0,	870	870	44
chr12	86962664	86965366	uc007oic.4_3utr	+	1	0,	2702	2702	135
chr12	86962664	86965366	uc007oib.4_3utr	+	1	0,	2702	2702	135
chr12	86962664	86965366	uc007oid.4_3utr	+	1	0,	2702	2702	135
chr12	86962664	86965366	uc033geg.1_3utr	+	1	0,	2702	2702	135
chr12	86962664	86965366	uc033gei.1_3utr	+	1	0,	2702	2702	135
chr12	86962664	86965366	uc033geh.1_3utr	+	1	0,	2702	2702	135
chr12	86983380	86983383	uc007oie.1_3utr	-	1	0,	3	3	0
chr12	87089417	87090039	uc007oih.1_3utr	+	1	0,	622	622	31
chr12	87089417	87090039	uc007oig.1_3utr	+	1	0,	622	622	31
chr12	87097530	87098414	uc011ypl.1_3utr	-	1	0,	884	884	44
chr12	87097530	87098414	uc007oii.1_3utr	-	1	0,	884	884	44
chr12	87106865	87109190	uc007oij.1_3utr	-	1	0,	2325	2325	116
chr12	87125112	87127154	uc007oik.1_3utr	-	1	0,	2042	2042	102
chr12	87163827	87164723	uc007oil.1_3utr	+	1	0,	896	896	45
chr12	87163827	87164723	uc029rui.1_3utr	+	1	0,	896	896	45
chr12	87163827	87164723	uc007oim.2_3utr	+	1	0,	896	896	45
chr12	87166241	87172416	uc007oin.1_3utr	-	1	0,	6175	6175	309
chr12	87213370	87213538	uc056yrs.1_3utr	+	1	0,	168	168	8
chr12	87221122	87221257	uc007oio.1_3utr	-	1	0,	135	135	7
chr12	87238874	87239818	uc007oiq.2_3utr	-	1	0,	944	944	47
chr12	87238874	87239818	uc007oip.2_3utr	-	1	0,	944	944	47
chr12	87238874	87239818	uc007oir.2_3utr	-	1	0,	944	944	47
chr12	87248529	87249386	uc007ois.2_3utr	-	1	0,	857	857	43
chr12	87273760	87273952	uc007oit.1_3utr	+	1	0,	192	192	10
chr12	87273760	87273952	uc029ruj.1_3utr	+	1	0,	192	192	10
chr12	87278637	87279684	uc056yrt.1_3utr	-	1	0,	1047	1047	52
chr12	87307888	87309903	uc007oiu.1_3utr	-	1	0,	2015	2015	101
chr12	87307888	87309903	uc007oiv.1_3utr	-	1	0,	2015	2015	101
chr12	87307888	87309903	uc007oiw.1_3utr	-	1	0,	2015	2015	101
chr12	87428077	87428843	uc007oiy.1_3utr	-	1	0,	766	766	38
chr12	87428077	87428843	uc007oix.1_3utr	-	1	0,	766	766	38
chr12	87433256	87434043	uc007ojb.1_3utr	-	1	0,	787	787	39
chr12	87442847	87443513	uc007ojc.1_3utr	-	1	0,	666	666	33
chr12	87449433	87449920	uc007oje.2_3utr	+	1	0,	487	487	24
chr12	87449875	87449924	uc007ojd.2_3utr	+	1	0,	49	49	2
chr12	87449909	87450520	uc007ojf.1_3utr	-	1	0,	611	611	31
chr12	87517328	87518265	uc011ypn.1_3utr	+	1	0,	937	937	47
chr12	87517328	87517331	uc033gej.1_3utr	+	1	0,	3	3	0
chr12	87607367	87608850	uc029ruk.2_3utr	+	1	0,	1483	1483	74
chr12	87608036	87608850	uc007ojh.3_3utr	+	1	0,	814	814	41
chr12	87608571	87608850	uc007oji.3_3utr	+	1	0,	279	279	14
chr12	87622031	87622955	uc007ojk.1_3utr	+	1	0,	924	924	46
chr12	87622031	87622034	uc033gek.1_3utr	+	1	0,	3	3	0
chr12	87644119	87644248	uc011ypo.2_3utr	-	1	0,	129	129	6
chr12	87644245	87644248	uc033gel.1_3utr	-	1	0,	3	3	0
chr12	87772424	87773355	uc033gem.1_3utr	-	1	0,	931	931	47
chr12	87773352	87773355	uc033gen.1_3utr	-	1	0,	3	3	0
chr12	87819752	87820676	uc007ojm.1_3utr	+	1	0,	924	924	46
chr12	87819752	87819755	uc033geo.1_3utr	+	1	0,	3	3	0
chr12	87841839	87841967	uc011ypp.2_3utr	-	1	0,	128	128	6
chr12	87864037	87865690	uc011ypq.1_3utr	+	1	0,	1653	1653	83
chr12	87877016	87877019	uc033gep.1_3utr	+	1	0,	3	3	0
chr12	87877016	87877859	uc007ojn.1_3utr	+	1	0,	843	843	42
chr12	87895801	87896722	uc011ypr.1_3utr	+	1	0,	921	921	46
chr12	87959867	87960682	uc007ojp.4_3utr	+	1	0,	815	815	41
chr12	87960402	87960682	uc007ojo.4_3utr	+	1	0,	280	280	14
chr12	88175588	88175871	uc007ojr.2_3utr	-	1	0,	283	283	14
chr12	88175588	88175871	uc011yps.1_3utr	-	1	0,	283	283	14
chr12	88270634	88271556	uc007ojs.3_3utr	-	1	0,	922	922	46
chr12	88271553	88271556	uc033geq.1_3utr	-	1	0,	3	3	0
chr12	88282866	88284465	uc011ypt.1_3utr	-	1	0,	1599	1599	80
chr12	88320121	88321049	uc007ojt.1_3utr	-	1	0,	928	928	46
chr12	88461189	88461726	uc007ojv.2_3utr	+	1	0,	537	537	27
chr12	88461189	88461726	uc007oju.2_3utr	+	1	0,	537	537	27
chr12	88461189	88461726	uc007ojw.2_3utr	+	1	0,	537	537	27
chr12	88850331	88850849	uc007ojy.1_3utr	+	1	0,	518	518	26
chr12	89260526	89261572	uc007ojz.1_3utr	+	1	0,	1046	1046	52
chr12	90332407	90334933	uc033ger.1_3utr	+	1	0,	2526	2526	126
chr12	90332407	90334933	uc007okc.2_3utr	+	1	0,	2526	2526	126
chr12	90332407	90334933	uc007oke.3_3utr	+	1	0,	2526	2526	126
chr12	90724551	90729414	uc007okf.1_3utr	-	1	0,	4863	4863	243
chr12	90998491	90999525	uc007okl.2_3utr	-	1	0,	1034	1034	52
chr12	90998491	90999525	uc007okj.1_3utr	-	1	0,	1034	1034	52
chr12	91289392	91289473	uc007okn.2_3utr	-	1	0,	81	81	4
chr12	91338238	91339057	uc007oko.2_3utr	-	1	0,	819	819	41
chr12	91522022	91522541	uc007okp.2_3utr	+	1	0,	519	519	26
chr12	91538581	91540509	uc007okq.2_3utr	+	1	0,	1928	1928	96
chr12	91555261	91559746	uc007oks.2_3utr	-	1	0,	4485	4485	224
chr12	91555261	91559746	uc007okr.2_3utr	-	1	0,	4485	4485	224
chr12	91633008	91639724	uc007okt.2_3utr	-	1	0,	6716	6716	336
chr12	91806042	91809846	uc007okx.1_3utr	-	1	0,	3804	3804	190
chr12	91806042	91809846	uc007oky.1_3utr	-	1	0,	3804	3804	190
chr12	91819980	91819984	uc007okz.1_3utr	-	1	0,	4	4	0
chr12	91832174	91833019	uc007ola.1_3utr	-	1	0,	845	845	42
chr12	91841457	91841590	uc007olb.1_3utr	-	1	0,	133	133	7
chr12	95780869	95785213	uc007olc.2_3utr	+	1	0,	4344	4344	217
chr12	95780869	95780872	uc033get.1_3utr	+	1	0,	3	3	0
chr12	98202299	98203943	uc007olf.2_3utr	-	1	0,	1644	1644	82
chr12	98276100	98276103	uc033gev.1_3utr	+	1	0,	3	3	0
chr12	98276100	98276722	uc007olg.2_3utr	+	1	0,	622	622	31
chr12	98433993	98434809	uc007oqi.1_3utr	-	1	0,	816	816	41
chr12	98433993	98434809	uc007oqh.1_3utr	-	1	0,	816	816	41
chr12	98433993	98434809	uc007oqg.1_3utr	-	1	0,	816	816	41
chr12	98489796	98489886	uc007oqx.1_3utr	-	1	0,	90	90	4
chr12	98637618	98638686	uc007oqz.2_3utr	+	1	0,	1068	1068	53
chr12	98669668	98669819	uc007orb.2_3utr	+	1	0,	151	151	8
chr12	98669668	98669819	uc011ypw.2_3utr	+	1	0,	151	151	8
chr12	98669668	98669819	uc007ora.2_3utr	+	1	0,	151	151	8
chr12	98669668	98669819	uc033gew.1_3utr	+	1	0,	151	151	8
chr12	98676740	98678552	uc007ord.2_3utr	-	1	0,	1812	1812	91
chr12	98676740	98678552	uc007ore.2_3utr	-	1	0,	1812	1812	91
chr12	98676740	98678552	uc011ypx.1_3utr	-	1	0,	1812	1812	91
chr12	98676740	98678552	uc007orc.2_3utr	-	1	0,	1812	1812	91
chr12	98713389	98715022	uc007orf.2_3utr	-	1	0,	1633	1633	82
chr12	98783703	98783986	uc007ork.1_3utr	+	1	0,	283	283	14
chr12	98786578	98787774	uc007org.1_3utr	+	1	0,	1196	1196	60
chr12	98786578	98787774	uc007ori.1_3utr	+	1	0,	1196	1196	60
chr12	98786578	98787774	uc007orh.1_3utr	+	1	0,	1196	1196	60
chr12	98786578	98787774	uc007orj.1_3utr	+	1	0,	1196	1196	60
chr12	98786578	98787774	uc007orl.2_3utr	+	1	0,	1196	1196	60
chr12	98786603	98790352	uc011ypy.1_3utr	-	1	0,	3749	3749	187
chr12	98786603	98790352	uc007orn.1_3utr	-	1	0,	3749	3749	187
chr12	98786603	98790352	uc007orm.1_3utr	-	1	0,	3749	3749	187
chr12	98982571	98983238	uc007oro.2_3utr	+	1	0,	667	667	33
chr12	98982571	98983238	uc007orp.2_3utr	+	1	0,	667	667	33
chr12	98982571	98983238	uc007orq.2_3utr	+	1	0,	667	667	33
chr12	99195093	99196269	uc007ort.1_3utr	-	1	0,	1176	1176	59
chr12	99195093	99196269	uc007ors.1_3utr	-	1	0,	1176	1176	59
chr12	99361691	99361825	uc007orw.1_3utr	+	1	0,	134	134	7
chr12	99387404	99388288	uc007orx.1_3utr	-	1	0,	884	884	44
chr12	99693046	99693192	uc007osb.1_3utr	-	1	0,	146	146	7
chr12	99717530	99719027	uc007osc.1_3utr	-	1	0,	1497	1497	75
chr12	99875589	99878333	uc007osd.1_3utr	-	1	0,	2744	2744	137
chr12	99891741	99891745	uc007osh.1_3utr	+	1	0,	4	4	0
chr12	99935197	99937362	uc007osf.2_3utr	+	1	0,	2165	2165	108
chr12	99955033	99955216	uc007osg.2_3utr	+	1	0,	183	183	9
chr12	100061882	100062682	uc007osj.2_3utr	+	1	0,	800	800	40
chr12	100061882	100062682	uc007osi.2_3utr	+	1	0,	800	800	40
chr12	100061882	100062682	uc007osl.2_3utr	+	1	0,	800	800	40
chr12	100123189	100123364	uc033gex.1_3utr	+	1	0,	175	175	9
chr12	100123189	100123364	uc007osn.2_3utr	+	1	0,	175	175	9
chr12	100125449	100125608	uc011ypz.2_3utr	-	1	0,	159	159	8
chr12	100125449	100125608	uc007oso.2_3utr	-	1	0,	159	159	8
chr12	100206425	100209806	uc007osq.1_3utr	+	1	0,	3381	3381	169
chr12	100300769	100301551	uc007oss.2_3utr	-	1	0,	782	782	39
chr12	100549777	100551446	uc007ost.1_3utr	-	1	0,	1669	1669	83
chr12	100549777	100551446	uc011yqb.1_3utr	-	1	0,	1669	1669	83
chr12	100549777	100551446	uc007osu.1_3utr	-	1	0,	1669	1669	83
chr12	100594383	100594398	uc007osv.1_3utr	-	1	0,	15	15	1
chr12	100871450	100872610	uc007osw.1_3utr	+	1	0,	1160	1160	58
chr12	100871450	100872610	uc007osz.1_3utr	+	1	0,	1160	1160	58
chr12	100871450	100872610	uc007osx.1_3utr	+	1	0,	1160	1160	58
chr12	100876681	100878188	uc007ota.2_3utr	-	1	0,	1507	1507	75
chr12	100876681	100878188	uc007otb.2_3utr	-	1	0,	1507	1507	75
chr12	100876681	100878188	uc011yqc.1_3utr	-	1	0,	1507	1507	75
chr12	100878185	100878188	uc033gey.1_3utr	-	1	0,	3	3	0
chr12	100911522	100912812	uc007otc.1_3utr	-	1	0,	1290	1290	64
chr12	100912699	100912812	uc007ote.1_3utr	-	1	0,	113	113	6
chr12	100941108	100941111	uc011yqd.1_3utr	-	1	0,	3	3	0
chr12	100969341	100969742	uc007otf.1_3utr	-	1	0,	401	401	20
chr12	100969343	100970002	uc007otg.1_3utr	-	1	0,	659	659	33
chr12	101039408	101040671	uc007otj.2_3utr	-	1	0,	1263	1263	63
chr12	101039408	101040671	uc007oti.2_3utr	-	1	0,	1263	1263	63
chr12	101056970	101058272	uc007otk.2_3utr	-	1	0,	1302	1302	65
chr12	101149270	101149273	uc011yqh.1_3utr	+	1	0,	3	3	0
chr12	101625739	101626009	uc007otl.2_3utr	+	1	0,	270	270	14
chr12	101645445	101649097	uc007oto.2_3utr	-	1	0,	3652	3652	183
chr12	101645445	101649097	uc007otn.2_3utr	-	1	0,	3652	3652	183
chr12	101645445	101649097	uc007otm.2_3utr	-	2	0,3561,	1296,91	1387	69
chr12	101746564	101750744	uc007otp.2_3utr	-	1	0,	4180	4180	209
chr12	101764309	101765003	uc007otq.2_3utr	-	1	0,	694	694	35
chr12	101837371	101837548	uc007ott.2_3utr	-	1	0,	177	177	9
chr12	101883255	101883258	uc007otu.2_3utr	-	1	0,	3	3	0
chr12	101883255	101883258	uc007ots.2_3utr	-	1	0,	3	3	0
chr12	101889704	101889707	uc011yqj.1_3utr	-	1	0,	3	3	0
chr12	101918900	101923109	uc007otv.2_3utr	-	1	0,	4209	4209	210
chr12	101932923	101932947	uc011yql.1_3utr	-	1	0,	24	24	1
chr12	101932923	101932966	uc007otw.2_3utr	-	1	0,	43	43	2
chr12	102003218	102005993	uc007otx.2_3utr	+	1	0,	2775	2775	139
chr12	102264975	102267091	uc007otz.1_3utr	+	1	0,	2116	2116	106
chr12	102266494	102266749	uc011yqm.1_3utr	+	1	0,	255	255	13
chr12	102266494	102266749	uc007oty.1_3utr	+	1	0,	255	255	13
chr12	102326347	102326785	uc007oub.1_3utr	+	1	0,	438	438	22
chr12	102390141	102390854	uc007ouc.2_3utr	+	1	0,	713	713	36
chr12	102390141	102390854	uc007oud.2_3utr	+	1	0,	713	713	36
chr12	102394097	102394572	uc007ouf.1_3utr	-	1	0,	475	475	24
chr12	102394097	102394572	uc007oue.1_3utr	-	1	0,	475	475	24
chr12	102497524	102497907	uc007oug.2_3utr	+	1	0,	383	383	19
chr12	102497524	102497907	uc007ouh.1_3utr	+	1	0,	383	383	19
chr12	102564690	102565027	uc007oui.1_3utr	+	1	0,	337	337	17
chr12	102568582	102570128	uc007ouj.1_3utr	-	1	0,	1546	1546	77
chr12	102739829	102742232	uc011yqo.2_3utr	-	1	0,	2403	2403	120
chr12	102739829	102743374	uc011yqq.1_3utr	-	1	0,	3545	3545	177
chr12	102739829	102742232	uc011yqp.2_3utr	-	1	0,	2403	2403	120
chr12	102742229	102742232	uc033gez.1_3utr	-	1	0,	3	3	0
chr12	102745008	102745397	uc007oul.1_3utr	+	1	0,	389	389	19
chr12	102745008	102745397	uc007oum.1_3utr	+	1	0,	389	389	19
chr12	102753274	102754077	uc011yqr.1_3utr	-	1	0,	803	803	40
chr12	102768281	102768285	uc007ouo.1_3utr	+	1	0,	4	4	0
chr12	102775783	102777701	uc007oup.1_3utr	+	1	0,	1918	1918	96
chr12	102784647	102785113	uc007our.1_3utr	-	1	0,	466	466	23
chr12	102784647	102785113	uc007ouq.1_3utr	-	1	0,	466	466	23
chr12	102802721	102807812	uc007ous.1_3utr	-	1	0,	5091	5091	255
chr12	102811932	102812529	uc007out.1_3utr	-	1	0,	597	597	30
chr12	102835634	102837591	uc007ouu.1_3utr	-	1	0,	1957	1957	98
chr12	102900334	102900534	uc007ouv.1_3utr	+	1	0,	200	200	10
chr12	103070227	103070742	uc007ouy.1_3utr	+	1	0,	515	515	26
chr12	103183610	103183997	uc007oux.2_3utr	+	1	0,	387	387	19
chr12	103183610	103183997	uc007ouw.2_3utr	+	1	0,	387	387	19
chr12	103183610	103183997	uc011yqs.1_3utr	+	1	0,	387	387	19
chr12	103196907	103197251	uc007ouz.1_3utr	-	1	0,	344	344	17
chr12	103316713	103317065	uc011yqx.1_3utr	+	1	0,	352	352	18
chr12	103316713	103316716	uc033gfa.1_3utr	+	1	0,	3	3	0
chr12	103321141	103321540	uc007ovc.1_3utr	-	1	0,	399	399	20
chr12	103321141	103321540	uc007ove.1_3utr	-	1	0,	399	399	20
chr12	103321141	103321540	uc007ovd.1_3utr	-	1	0,	399	399	20
chr12	103404429	103406350	uc007ovg.2_3utr	+	1	0,	1921	1921	96
chr12	103404429	103406350	uc011yqy.1_3utr	+	1	0,	1921	1921	96
chr12	103407975	103408214	uc007ovi.2_3utr	-	1	0,	239	239	12
chr12	103407975	103408214	uc007ovj.2_3utr	-	1	0,	239	239	12
chr12	103409617	103409862	uc007ovk.2_3utr	-	1	0,	245	245	12
chr12	103420375	103423773	uc007ovl.2_3utr	-	1	0,	3398	3398	170
chr12	103424115	103424118	uc007ovm.1_3utr	-	1	0,	3	3	0
chr12	103433872	103434238	uc007ovn.3_3utr	-	1	0,	366	366	18
chr12	103440168	103440245	uc007ovs.2_3utr	+	1	0,	77	77	4
chr12	103440168	103440245	uc007ovq.2_3utr	+	1	0,	77	77	4
chr12	103440168	103440245	uc007ovr.2_3utr	+	1	0,	77	77	4
chr12	103440168	103440245	uc007ovp.2_3utr	+	1	0,	77	77	4
chr12	103440168	103440245	uc007ovt.2_3utr	+	1	0,	77	77	4
chr12	103442165	103442312	uc007ovu.3_3utr	-	1	0,	147	147	7
chr12	103450897	103451077	uc007ovv.1_3utr	-	1	0,	180	180	9
chr12	103601559	103601562	uc007ovx.1_3utr	+	1	0,	3	3	0
chr12	103612829	103613832	uc007ovw.2_3utr	+	1	0,	1003	1003	50
chr12	103616674	103616839	uc007ovz.2_3utr	-	1	0,	165	165	8
chr12	103616674	103616839	uc011yra.2_3utr	-	1	0,	165	165	8
chr12	103646631	103646848	uc007owa.1_3utr	-	1	0,	217	217	11
chr12	103688043	103689734	uc007owd.2_3utr	-	1	0,	1691	1691	85
chr12	103688043	103689734	uc007owb.2_3utr	-	1	0,	1691	1691	85
chr12	103688043	103689734	uc007owc.2_3utr	-	1	0,	1691	1691	85
chr12	103728155	103728244	uc007owe.1_3utr	-	1	0,	89	89	4
chr12	103728155	103728244	uc029rxo.1_3utr	-	1	0,	89	89	4
chr12	103763586	103763682	uc029rxp.1_3utr	-	1	0,	96	96	5
chr12	103763586	103763682	uc007owh.1_3utr	-	1	0,	96	96	5
chr12	103763586	103763682	uc007owg.1_3utr	-	1	0,	96	96	5
chr12	103853294	103853677	uc029rxq.1_3utr	-	1	0,	383	383	19
chr12	103853294	103853677	uc007owj.2_3utr	-	1	0,	383	383	19
chr12	103853294	103853677	uc007owi.2_3utr	-	1	0,	383	383	19
chr12	103894925	103895014	uc007owk.1_3utr	-	1	0,	89	89	4
chr12	103946931	103947020	uc007owl.1_3utr	-	1	0,	89	89	4
chr12	103980242	103980359	uc007own.2_3utr	-	1	0,	117	117	6
chr12	103980242	103980359	uc007owm.2_3utr	-	1	0,	117	117	6
chr12	103996619	103996993	uc007owo.1_3utr	-	1	0,	374	374	19
chr12	103996619	103996993	uc011yrb.1_3utr	-	1	0,	374	374	19
chr12	104028768	104031021	uc007owp.1_3utr	-	1	0,	2253	2253	113
chr12	104105350	104106137	uc007ows.1_3utr	+	1	0,	787	787	39
chr12	104121515	104121896	uc011yre.1_3utr	+	1	0,	381	381	19
chr12	104121515	104121896	uc007owt.1_3utr	+	1	0,	381	381	19
chr12	104138826	104139545	uc007owu.1_3utr	+	1	0,	719	719	36
chr12	104146906	104147234	uc007owv.1_3utr	-	1	0,	328	328	16
chr12	104220511	104221129	uc007owx.2_3utr	+	1	0,	618	618	31
chr12	104220511	104221129	uc007owy.2_3utr	+	1	0,	618	618	31
chr12	104220511	104221129	uc007oww.2_3utr	+	1	0,	618	618	31
chr12	104241323	104241934	uc029rxs.1_3utr	+	1	0,	611	611	31
chr12	104241323	104241934	uc007oxa.2_3utr	+	1	0,	611	611	31
chr12	104253666	104254405	uc007oxb.2_3utr	+	1	0,	739	739	37
chr12	104253666	104254405	uc029rxt.1_3utr	+	1	0,	739	739	37
chr12	104268635	104269365	uc011yrf.1_3utr	+	1	0,	730	730	36
chr12	104319847	104320586	uc011yrg.1_3utr	+	1	0,	739	739	37
chr12	104345418	104345739	uc007oxd.1_3utr	+	1	0,	321	321	16
chr12	104393924	104394257	uc007oxe.2_3utr	+	1	0,	333	333	17
chr12	104393924	104394257	uc007oxf.2_3utr	+	1	0,	333	333	17
chr12	104413603	104414329	uc007oxg.1_3utr	+	1	0,	726	726	36
chr12	104471208	104471493	uc007oxh.1_3utr	-	1	0,	285	285	14
chr12	104687741	104691595	uc007oxi.1_3utr	-	1	0,	3854	3854	193
chr12	104687741	104691595	uc011yrh.1_3utr	-	1	0,	3854	3854	193
chr12	104687741	104691595	uc011yri.1_3utr	-	1	0,	3854	3854	193
chr12	104721970	104721975	uc007oxj.1_3utr	-	1	0,	5	5	0
chr12	104725264	104728331	uc007oxk.1_3utr	-	1	0,	3067	3067	153
chr12	104763113	104771794	uc011yrj.1_3utr	-	1	0,	8681	8681	434
chr12	104763113	104771794	uc007oxl.1_3utr	-	1	0,	8681	8681	434
chr12	104929932	104932167	uc007oxs.2_3utr	-	1	0,	2235	2235	112
chr12	104929932	104932167	uc007oxr.2_3utr	-	1	0,	2235	2235	112
chr12	105040447	105040910	uc007oxu.1_3utr	+	1	0,	463	463	23
chr12	105154098	105155225	uc007oxv.1_3utr	+	2	0,531,	5,596	601	30
chr12	105165511	105166625	uc007oxx.1_3utr	+	2	0,521,	28,593	621	31
chr12	105180032	105181145	uc007oxy.1_3utr	+	2	0,516,	24,597	621	31
chr12	105194497	105195399	uc007oya.1_3utr	+	2	0,518,	24,384	408	20
chr12	105205893	105206993	uc007oyb.1_3utr	+	2	0,514,	28,586	614	31
chr12	105216754	105217413	uc007oye.2_3utr	-	1	0,	659	659	33
chr12	105216754	105218261	uc033gfc.1_3utr	-	2	0,1468,	947,39	986	49
chr12	105216754	105218235	uc007oyd.2_3utr	-	2	0,1468,	947,13	960	48
chr12	105487826	105493095	uc007oyk.2_3utr	+	1	0,	5269	5269	263
chr12	105592677	105593071	uc007oym.1_3utr	+	1	0,	394	394	20
chr12	105605178	105605428	uc007oyn.1_3utr	+	1	0,	250	250	12
chr12	105613539	105617075	uc007oyo.2_3utr	-	1	0,	3536	3536	177
chr12	105613539	105617075	uc007oyp.2_3utr	-	1	0,	3536	3536	177
chr12	105613539	105617075	uc029rxu.1_3utr	-	1	0,	3536	3536	177
chr12	105659263	105660998	uc007oyq.1_3utr	-	1	0,	1735	1735	87
chr12	105698994	105699151	uc007oyr.1_3utr	+	1	0,	157	157	8
chr12	105700796	105703057	uc007oys.1_3utr	+	1	0,	2261	2261	113
chr12	105738739	105739243	uc007oyu.1_3utr	+	1	0,	504	504	25
chr12	105781706	105782447	uc007oyt.1_3utr	+	1	0,	741	741	37
chr12	105809705	105809709	uc007oyv.1_3utr	+	1	0,	4	4	0
chr12	105813292	105814069	uc007oyw.1_3utr	+	1	0,	777	777	39
chr12	105834856	105834893	uc007oyx.1_3utr	+	1	0,	37	37	2
chr12	105836857	105838943	uc007oyz.2_3utr	+	1	0,	2086	2086	104
chr12	105836857	105838943	uc011yrm.1_3utr	+	1	0,	2086	2086	104
chr12	106075035	106077410	uc007ozc.1_3utr	+	1	0,	2375	2375	119
chr12	106075035	106077410	uc007oze.1_3utr	+	1	0,	2375	2375	119
chr12	106075035	106077410	uc007ozd.1_3utr	+	1	0,	2375	2375	119
chr12	106075035	106077410	uc007ozb.1_3utr	+	1	0,	2375	2375	119
chr12	107910402	107915402	uc007ozi.1_3utr	-	1	0,	5000	5000	250
chr12	107910402	107915402	uc011yrp.1_3utr	-	1	0,	5000	5000	250
chr12	107910402	107915402	uc007ozh.1_3utr	-	1	0,	5000	5000	250
chr12	108106430	108107234	uc007ozj.2_3utr	-	1	0,	804	804	40
chr12	108106430	108107234	uc007ozk.2_3utr	-	1	0,	804	804	40
chr12	108117033	108118220	uc007ozl.2_3utr	-	1	0,	1187	1187	59
chr12	108202698	108203359	uc011yrr.1_3utr	+	1	0,	661	661	33
chr12	108206344	108206347	uc011yrs.1_3utr	-	1	0,	3	3	0
chr12	108328209	108328300	uc007ozn.1_3utr	+	1	0,	91	91	5
chr12	108361681	108362234	uc007ozo.1_3utr	+	1	0,	553	553	28
chr12	108506651	108508538	uc007ozp.2_3utr	+	1	0,	1887	1887	94
chr12	108537515	108539564	uc007ozt.1_3utr	+	1	0,	2049	2049	102
chr12	108538225	108539564	uc007ozr.2_3utr	+	1	0,	1339	1339	67
chr12	108538225	108539564	uc011yrt.2_3utr	+	1	0,	1339	1339	67
chr12	108538225	108539564	uc007ozs.1_3utr	+	1	0,	1339	1339	67
chr12	108538225	108539564	uc007ozq.2_3utr	+	1	0,	1339	1339	67
chr12	108538427	108539564	uc011yru.1_3utr	+	1	0,	1137	1137	57
chr12	108675623	108675626	uc007ozy.1_3utr	+	1	0,	3	3	0
chr12	108686572	108686575	uc007paa.1_3utr	+	1	0,	3	3	0
chr12	108686791	108689054	uc011yrv.1_3utr	-	1	0,	2263	2263	113
chr12	108688063	108688515	uc007ozz.1_3utr	+	1	0,	452	452	23
chr12	108688063	108688515	uc007ozx.1_3utr	+	1	0,	452	452	23
chr12	108688063	108688515	uc007ozv.1_3utr	+	1	0,	452	452	23
chr12	108688063	108688515	uc007ozw.1_3utr	+	1	0,	452	452	23
chr12	108690221	108690466	uc007pab.2_3utr	-	1	0,	245	245	12
chr12	108815652	108816632	uc007pac.1_3utr	+	1	0,	980	980	49
chr12	108825877	108826732	uc007pad.1_3utr	-	1	0,	855	855	43
chr12	108855623	108856815	uc007paf.1_3utr	+	1	0,	1192	1192	60
chr12	108856216	108856815	uc007pae.1_3utr	+	1	0,	599	599	30
chr12	108860029	108861267	uc007pag.2_3utr	-	1	0,	1238	1238	62
chr12	108860029	108861267	uc007pai.2_3utr	-	1	0,	1238	1238	62
chr12	108860029	108861267	uc007pah.2_3utr	-	1	0,	1238	1238	62
chr12	108860029	108860314	uc007paj.2_3utr	-	1	0,	285	285	14
chr12	109027464	109028452	uc011yrx.1_3utr	+	1	0,	988	988	49
chr12	109032181	109032986	uc007pal.1_3utr	-	1	0,	805	805	40
chr12	109460357	109463336	uc007pao.2_3utr	+	1	0,	2979	2979	149
chr12	109460357	109463336	uc011yrz.1_3utr	+	1	0,	2979	2979	149
chr12	109460357	109463336	uc007pam.2_3utr	+	1	0,	2979	2979	149
chr12	109460357	109463336	uc007pan.2_3utr	+	1	0,	2979	2979	149
chr12	109460357	109463336	uc011yry.1_3utr	+	1	0,	2979	2979	149
chr12	109589192	109590171	uc011ysk.2_3utr	-	1	0,	979	979	49
chr12	109590168	109590171	uc007paw.2_3utr	-	1	0,	3	3	0
chr12	110280143	110281097	uc007pbi.1_3utr	+	1	0,	954	954	48
chr12	110570798	110571690	uc011yur.1_3utr	+	1	0,	892	892	45
chr12	110570798	110571690	uc007pbk.1_3utr	+	1	0,	892	892	45
chr12	110578145	110583074	uc007pbn.2_3utr	+	2	0,2255,	23,2674	2697	135
chr12	110578145	110583074	uc011yus.2_3utr	+	2	0,2255,	23,2674	2697	135
chr12	110580529	110583074	uc007pbm.2_3utr	+	1	0,	2545	2545	127
chr12	110580529	110583074	uc007pbl.2_3utr	+	1	0,	2545	2545	127
chr12	110666688	110666944	uc007pbo.1_3utr	+	1	0,	256	256	13
chr12	110667688	110667809	uc007pbp.2_3utr	-	1	0,	121	121	6
chr12	110691035	110691542	uc007pbr.1_3utr	-	1	0,	507	507	25
chr12	110691035	110691542	uc007pbq.2_3utr	-	1	0,	507	507	25
chr12	110794388	110795028	uc007pbt.1_3utr	+	1	0,	640	640	32
chr12	110803455	110804238	uc007pbu.1_3utr	+	1	0,	783	783	39
chr12	110803969	110808043	uc056ysj.1_3utr	-	1	0,	4074	4074	204
chr12	110807797	110808043	uc007pbw.1_3utr	-	1	0,	246	246	12
chr12	110807797	110808043	uc007pbv.1_3utr	-	1	0,	246	246	12
chr12	110807797	110809905	uc007pbx.1_3utr	-	1	0,	2108	2108	105
chr12	110814842	110814920	uc007pby.1_3utr	-	1	0,	78	78	4
chr12	110869075	110869998	uc007pca.2_3utr	+	1	0,	923	923	46
chr12	110869075	110869998	uc011yuu.1_3utr	+	1	0,	923	923	46
chr12	110872609	110873929	uc007pcc.2_3utr	-	1	0,	1320	1320	66
chr12	110872609	110873929	uc007pcb.2_3utr	-	1	0,	1320	1320	66
chr12	110877594	110878994	uc007pcd.2_3utr	-	2	0,1393,	325,7	332	17
chr12	110878695	110879579	uc007pce.2_3utr	-	1	0,	884	884	44
chr12	110938462	110939679	uc007pcf.2_3utr	+	1	0,	1217	1217	61
chr12	110969017	110972396	uc007pcg.3_3utr	+	1	0,	3379	3379	169
chr12	110969017	110972396	uc011yuv.2_3utr	+	1	0,	3379	3379	169
chr12	110969017	110972396	uc007pch.3_3utr	+	1	0,	3379	3379	169
chr12	110975352	110976521	uc007pcj.1_3utr	-	1	0,	1169	1169	58
chr12	110975352	110976521	uc007pci.1_3utr	-	1	0,	1169	1169	58
chr12	110976518	110976521	uc033gfi.1_3utr	-	1	0,	3	3	0
chr12	111111912	111113386	uc007pck.1_3utr	+	1	0,	1474	1474	74
chr12	111262057	111267155	uc007pcn.2_3utr	+	1	0,	5098	5098	255
chr12	111262057	111267155	uc007pcl.2_3utr	+	1	0,	5098	5098	255
chr12	111262057	111267155	uc007pco.2_3utr	+	1	0,	5098	5098	255
chr12	111276126	111276426	uc007pcp.1_3utr	+	1	0,	300	300	15
chr12	111276126	111276426	uc007pcq.1_3utr	+	1	0,	300	300	15
chr12	111292971	111294934	uc007pcs.2_3utr	-	2	0,1922,	1261,41	1302	65
chr12	111292971	111294103	uc007pct.2_3utr	-	1	0,	1132	1132	57
chr12	111411842	111412077	uc007pcu.1_3utr	+	1	0,	235	235	12
chr12	111424048	111424875	uc007pcw.2_3utr	+	1	0,	827	827	41
chr12	111430849	111431680	uc033gfj.1_3utr	+	1	0,	831	831	42
chr12	111430849	111431680	uc011yuw.2_3utr	+	1	0,	831	831	42
chr12	111430849	111431680	uc007pcv.2_3utr	+	1	0,	831	831	42
chr12	111430849	111431680	uc033gfk.1_3utr	+	1	0,	831	831	42
chr12	111430849	111431680	uc007pcx.3_3utr	+	1	0,	831	831	42
chr12	111453559	111455018	uc007pcy.2_3utr	+	1	0,	1459	1459	73
chr12	111453559	111455018	uc007pcz.2_3utr	+	1	0,	1459	1459	73
chr12	111484608	111485170	uc007pdc.2_3utr	-	1	0,	562	562	28
chr12	111541842	111541845	uc007pdh.1_3utr	+	1	0,	3	3	0
chr12	111544615	111546753	uc007pdg.2_3utr	+	1	0,	2138	2138	107
chr12	111544615	111546753	uc007pde.2_3utr	+	1	0,	2138	2138	107
chr12	111544615	111546753	uc007pdi.2_3utr	+	1	0,	2138	2138	107
chr12	111544615	111546753	uc007pdd.2_3utr	+	1	0,	2138	2138	107
chr12	111544615	111546753	uc007pdf.2_3utr	+	1	0,	2138	2138	107
chr12	111655612	111656227	uc007pdk.2_3utr	+	1	0,	615	615	31
chr12	111655612	111656227	uc007pdm.2_3utr	+	1	0,	615	615	31
chr12	111655612	111656227	uc007pdl.2_3utr	+	1	0,	615	615	31
chr12	111669354	111669565	uc007pdn.2_3utr	-	1	0,	211	211	11
chr12	111682866	111683902	uc007pdq.1_3utr	+	1	0,	1036	1036	52
chr12	111682866	111683902	uc007pdo.1_3utr	+	1	0,	1036	1036	52
chr12	111682866	111683902	uc007pdp.1_3utr	+	1	0,	1036	1036	52
chr12	111709489	111710046	uc007pds.3_3utr	-	1	0,	557	557	28
chr12	111709489	111710046	uc007pdr.3_3utr	-	1	0,	557	557	28
chr12	111710043	111710046	uc033gfl.1_3utr	-	1	0,	3	3	0
chr12	111724405	111727116	uc007pdt.2_3utr	+	1	0,	2711	2711	136
chr12	111733763	111734224	uc007pdu.2_3utr	+	1	0,	461	461	23
chr12	111754977	111755055	uc011yuy.1_3utr	+	1	0,	78	78	4
chr12	111793678	111794899	uc033gfn.1_3utr	+	2	0,658,	21,563	584	29
chr12	111793678	111794899	uc033gfm.1_3utr	+	2	0,658,	21,563	584	29
chr12	111794339	111794899	uc033gfo.1_3utr	+	1	0,	560	560	28
chr12	111794339	111794899	uc007pdv.1_3utr	+	1	0,	560	560	28
chr12	111803192	111804446	uc007pdz.1_3utr	-	1	0,	1254	1254	63
chr12	111806064	111807844	uc033gfq.1_3utr	+	2	0,1718,	10,62	72	4
chr12	111806314	111806775	uc007pdw.1_3utr	+	1	0,	461	461	23
chr12	111806314	111806775	uc007pdx.1_3utr	+	1	0,	461	461	23
chr12	111806314	111806775	uc033gfp.1_3utr	+	1	0,	461	461	23
chr12	111827850	111828388	uc007pea.2_3utr	+	1	0,	538	538	27
chr12	111827850	111828388	uc007peb.2_3utr	+	1	0,	538	538	27
chr12	111828457	111829344	uc007pec.1_3utr	-	1	0,	887	887	44
chr12	111828457	111829344	uc007ped.1_3utr	-	1	0,	887	887	44
chr12	111961375	111961512	uc007pef.1_3utr	-	1	0,	137	137	7
chr12	111979191	111980040	uc007peh.1_3utr	-	1	0,	849	849	42
chr12	111979322	111979452	uc011yvb.1_3utr	-	1	0,	130	130	6
chr12	111979322	111979452	uc007peg.2_3utr	-	1	0,	130	130	6
chr12	112068277	112068854	uc007pei.1_3utr	+	1	0,	577	577	29
chr12	112068277	112068854	uc011yva.1_3utr	+	1	0,	577	577	29
chr12	112068277	112068854	uc007pej.1_3utr	+	1	0,	577	577	29
chr12	112126365	112127573	uc011yvd.1_3utr	+	2	0,296,	46,912	958	48
chr12	112126742	112127573	uc007pek.1_3utr	+	1	0,	831	831	42
chr12	112180629	112181747	uc007pem.1_3utr	+	1	0,	1118	1118	56
chr12	112498060	112499927	uc007peq.2_3utr	+	1	0,	1867	1867	93
chr12	112500183	112501745	uc007per.1_3utr	-	1	0,	1562	1562	78
chr12	112612600	112615557	uc007pes.1_3utr	+	2	0,2294,	4,663	667	33
chr12	112614920	112615557	uc007pet.1_3utr	+	1	0,	637	637	32
chr12	112641007	112641355	uc011yvf.1_3utr	+	1	0,	348	348	17
chr12	112641007	112641355	uc007peu.2_3utr	+	1	0,	348	348	17
chr12	112649034	112649152	uc007pew.2_3utr	+	1	0,	118	118	6
chr12	112649034	112649152	uc007pev.2_3utr	+	1	0,	118	118	6
chr12	112653820	112654700	uc007pex.2_3utr	-	1	0,	880	880	44
chr12	112653820	112654626	uc007pey.2_3utr	-	1	0,	806	806	40
chr12	112680652	112680655	uc033gft.1_3utr	+	1	0,	3	3	0
chr12	112680652	112682747	uc007pfa.2_3utr	+	1	0,	2095	2095	105
chr12	112680652	112681259	uc007pez.2_3utr	+	1	0,	607	607	30
chr12	112744909	112746591	uc007pfb.1_3utr	+	1	0,	1682	1682	84
chr12	112744909	112746591	uc011yvg.1_3utr	+	1	0,	1682	1682	84
chr12	112768619	112768986	uc007pfd.1_3utr	+	1	0,	367	367	18
chr12	112768619	112768986	uc007pfc.1_3utr	+	1	0,	367	367	18
chr12	112772193	112772908	uc007pfe.1_3utr	-	1	0,	715	715	36
chr12	112784997	112785001	uc007pff.1_3utr	-	1	0,	4	4	0
chr12	112815707	112816245	uc007pfh.1_3utr	+	1	0,	538	538	27
chr12	112815707	112816245	uc007pfg.1_3utr	+	1	0,	538	538	27
chr12	112820234	112821395	uc007pfi.1_3utr	-	1	0,	1161	1161	58
chr12	112820234	112821395	uc007pfj.1_3utr	-	1	0,	1161	1161	58
chr12	112821392	112821395	uc033gfv.1_3utr	-	1	0,	3	3	0
chr12	112850875	112852058	uc007pfk.1_3utr	-	1	0,	1183	1183	59
chr12	112908589	112908891	uc007pfl.1_3utr	-	1	0,	302	302	15
chr12	112934732	112934812	uc007pfm.1_3utr	-	1	0,	80	80	4
chr12	112959861	112960323	uc007pfn.1_3utr	-	1	0,	462	462	23
chr12	112978533	112978940	uc011yvh.1_3utr	+	1	0,	407	407	20
chr12	112978533	112978940	uc007pfo.1_3utr	+	1	0,	407	407	20
chr12	113071653	113074401	uc007pfp.2_3utr	+	1	0,	2748	2748	137
chr12	113071653	113074401	uc007pfr.1_3utr	+	1	0,	2748	2748	137
chr12	113071653	113072444	uc007pfs.1_3utr	+	1	0,	791	791	40
chr12	113071653	113074401	uc007pfq.2_3utr	+	1	0,	2748	2748	137
chr12	113088890	113088914	uc007pfu.1_3utr	+	1	0,	24	24	1
chr12	113088890	113088914	uc007pft.1_3utr	+	1	0,	24	24	1
chr12	113136399	113137206	uc033gfy.1_3utr	+	2	0,118,	33,689	722	36
chr12	113136665	113137206	uc033gge.1_3utr	+	1	0,	541	541	27
chr12	113136665	113137206	uc007pfw.1_3utr	+	1	0,	541	541	27
chr12	113136665	113137206	uc007pfx.1_3utr	+	1	0,	541	541	27
chr12	113136665	113137206	uc007pfv.1_3utr	+	1	0,	541	541	27
chr12	113136665	113137206	uc033gfx.1_3utr	+	1	0,	541	541	27
chr12	113136665	113137206	uc033gga.1_3utr	+	1	0,	541	541	27
chr12	113136665	113137206	uc033ggc.1_3utr	+	1	0,	541	541	27
chr12	113145027	113145506	uc007pfy.2_3utr	+	1	0,	479	479	24
chr12	113153655	113153879	uc007pfz.1_3utr	+	2	0,119,	9,105	114	6
chr12	113163379	113165458	uc007pga.2_3utr	+	1	0,	2079	2079	104
chr12	113163379	113165458	uc007pgb.2_3utr	+	1	0,	2079	2079	104
chr12	113189117	113189522	uc007pgc.1_3utr	+	1	0,	405	405	20
chr12	113189117	113189120	uc033ggf.1_3utr	+	1	0,	3	3	0
chr12	113254898	113256203	uc007pgd.1_3utr	-	1	0,	1305	1305	65
chr12	113258715	113258770	uc007pge.1_3utr	-	1	0,	55	55	3
chr12	113258715	113258770	uc007pgg.1_3utr	-	1	0,	55	55	3
chr12	113258715	113258770	uc007pgf.1_3utr	-	1	0,	55	55	3
chr12	113271272	113271275	uc056ysp.1_3utr	-	1	0,	3	3	0
chr12	113287284	113287391	uc007pgm.2_3utr	-	1	0,	107	107	5
chr12	113287284	113287391	uc007pgl.2_3utr	-	1	0,	107	107	5
chr12	113287284	113287391	uc029ryj.1_3utr	-	1	0,	107	107	5
chr12	113325245	113326543	uc007pgo.1_3utr	-	1	0,	1298	1298	65
chr12	113356222	113357441	uc007pgp.1_3utr	-	1	0,	1219	1219	61
chr12	113356222	113357441	uc011yvl.1_3utr	-	1	0,	1219	1219	61
chr12	113406603	113407537	uc007pgq.1_3utr	-	1	0,	934	934	47
chr12	113406603	113407537	uc007pgr.1_3utr	-	1	0,	934	934	47
chr12	113491832	113491835	uc007pgv.1_3utr	+	1	0,	3	3	0
chr12	113546270	113546414	uc007pgw.1_3utr	+	1	0,	144	144	7
chr12	116058949	116063207	uc033ggk.1_3utr	+	1	0,	4258	4258	213
chr12	116060541	116063207	uc007phc.2_3utr	+	1	0,	2666	2666	133
chr12	116060541	116063207	uc007phb.2_3utr	+	1	0,	2666	2666	133
chr12	116098377	116098382	uc007phd.2_3utr	+	1	0,	5	5	0
chr12	116139240	116139972	uc007phe.2_3utr	+	1	0,	732	732	37
chr12	116144307	116146261	uc007phf.2_3utr	+	1	0,	1954	1954	98
chr12	116207049	116207617	uc007phh.1_3utr	-	1	0,	568	568	28
chr12	116207049	116207617	uc007phi.1_3utr	-	1	0,	568	568	28
chr12	116207049	116207617	uc007phj.1_3utr	-	1	0,	568	568	28
chr12	116239832	116241677	uc007phk.1_3utr	-	1	0,	1845	1845	92
chr12	116255037	116255801	uc007phm.1_3utr	-	1	0,	764	764	38
chr12	116281735	116285854	uc056ysq.1_3utr	+	1	0,	4119	4119	206
chr12	116370213	116373098	uc007phr.1_3utr	+	1	0,	2885	2885	144
chr12	116370213	116373098	uc007phq.1_3utr	+	1	0,	2885	2885	144
chr12	116370213	116373098	uc007pho.1_3utr	+	1	0,	2885	2885	144
chr12	116401946	116403751	uc007phs.2_3utr	-	1	0,	1805	1805	90
chr12	116460612	116463531	uc007pht.1_3utr	+	1	0,	2919	2919	146
chr12	116772849	116773330	uc007phv.2_3utr	+	1	0,	481	481	24
chr12	116841550	116844989	uc007phw.2_3utr	+	1	0,	3439	3439	172
chr12	117276627	117278167	uc007phx.2_3utr	+	1	0,	1540	1540	77
chr12	117658400	117658403	uc007pic.1_3utr	+	1	0,	3	3	0
chr12	117756078	117756978	uc007pib.2_3utr	+	1	0,	900	900	45
chr12	117877482	117878706	uc007pid.1_3utr	+	1	0,	1224	1224	61
chr12	117877981	117878378	uc007pie.1_3utr	-	1	0,	397	397	20
chr12	117877981	117878378	uc011yvs.1_3utr	-	1	0,	397	397	20
chr12	118231685	118238149	uc011yvt.2_3utr	-	1	0,	6464	6464	323
chr12	118231685	118238149	uc007pif.3_3utr	-	1	0,	6464	6464	323
chr12	118848642	118849918	uc056ysr.1_3utr	-	1	0,	1276	1276	64
chr12	118849869	118849872	uc033ggl.1_3utr	+	1	0,	3	3	0
chr12	118849869	118852578	uc007pih.2_3utr	+	1	0,	2709	2709	135
chr12	118849869	118852578	uc007pig.2_3utr	+	1	0,	2709	2709	135
chr12	118867823	118867850	uc007pij.2_3utr	-	1	0,	27	27	1
chr12	118867823	118867850	uc033ggm.1_3utr	-	1	0,	27	27	1
chr12	118886144	118886155	uc011yvu.2_3utr	-	1	0,	11	11	1
chr12	118886617	118886878	uc007pii.1_3utr	-	1	0,	261	261	13
chr12	119162802	119163119	uc007pik.1_3utr	-	1	0,	317	317	16
chr12	119162802	119163119	uc011yvv.1_3utr	-	1	0,	317	317	16
chr12	119188105	119189812	uc007pil.1_3utr	-	1	0,	1707	1707	85
chr12	119201462	119202371	uc007pim.1_3utr	-	1	0,	909	909	45
chr12	119465669	119466932	uc007pin.2_3utr	+	1	0,	1263	1263	63
chr12	120018513	120021245	uc056yss.1_3utr	+	1	0,	2732	2732	137
chr12	120018578	120021245	uc011yvw.2_3utr	+	1	0,	2667	2667	133
chr12	120018578	120021245	uc056yst.1_3utr	+	1	0,	2667	2667	133
