chr	start	end	transcript_id	strand	number_of_exons	coordinates	length1	total_length	bin
chrY	670178	670343	uc009uyu.1_3utr	-	1	0,	165	165	8
chrY	725206	725417	uc009uyv.2_3utr	-	1	0,	211	211	11
chrY	843519	844224	uc009uyw.1_3utr	+	1	0,	705	705	35
chrY	843519	844224	uc009uyx.1_3utr	+	1	0,	705	705	35
chrY	917034	917605	uc009uyy.1_3utr	+	1	0,	571	571	29
chrY	921851	921980	uc009uyz.1_3utr	+	1	0,	129	129	6
chrY	943162	943811	uc009uzb.1_3utr	+	1	0,	649	649	32
chrY	1028248	1028598	uc009uzd.2_3utr	+	1	0,	350	350	18
chrY	1097143	1098549	uc009uzh.1_3utr	-	1	0,	1406	1406	70
chrY	1097143	1098549	uc009uzf.1_3utr	-	1	0,	1406	1406	70
chrY	1097143	1098549	uc009uzg.1_3utr	-	1	0,	1406	1406	70
chrY	1157906	1157911	uc009uzj.1_3utr	-	1	0,	5	5	0
chrY	1172546	1173794	uc012hrt.1_3utr	-	1	0,	1248	1248	62
chrY	1260714	1263290	uc009uzn.2_3utr	-	1	0,	2576	2576	129
chrY	1260714	1263049	uc033jvp.1_3utr	-	1	0,	2335	2335	117
chrY	1260714	1263290	uc009uzm.2_3utr	-	1	0,	2576	2576	129
chrY	1298960	1298968	uc009uzo.1_3utr	-	1	0,	8	8	0
chrY	2106174	2106301	uc009uzp.1_3utr	-	1	0,	127	127	6
chrY	2599431	2599434	uc012hru.1_3utr	+	1	0,	3	3	0
chrY	2662470	2662473	uc012hrv.1_3utr	-	1	0,	3	3	0
chrY	2720338	2720341	uc012hrw.1_3utr	-	1	0,	3	3	0
chrY	2785171	2785528	uc012hrx.1_3utr	-	1	0,	357	357	18
chrY	2785171	2785528	uc029xor.1_3utr	-	1	0,	357	357	18
chrY	2841494	2841858	uc012hry.2_3utr	+	1	0,	364	364	18
chrY	2841494	2841858	uc009uzq.2_3utr	+	1	0,	364	364	18
chrY	2873132	2873489	uc009uzs.1_3utr	+	1	0,	357	357	18
chrY	2873132	2873489	uc009uzr.2_3utr	+	1	0,	357	357	18
chrY	2911846	2912210	uc009uzt.2_3utr	+	1	0,	364	364	18
chrY	2911846	2912210	uc012hrz.1_3utr	+	1	0,	364	364	18
chrY	3294971	3295335	uc029xot.1_3utr	-	1	0,	364	364	18
chrY	3294971	3295335	uc029xos.1_3utr	-	1	0,	364	364	18
chrY	3326745	3327109	uc029xou.2_3utr	-	1	0,	364	364	18
chrY	3326745	3327109	uc033jvq.1_3utr	-	1	0,	364	364	18
chrY	3367142	3367506	uc033jvr.1_3utr	-	1	0,	364	364	18
chrY	3367142	3367506	uc029xov.2_3utr	-	1	0,	364	364	18
chrY	3399183	3399547	uc029xow.1_3utr	-	1	0,	364	364	18
chrY	3399183	3399547	uc029xox.1_3utr	-	1	0,	364	364	18
chrY	3782907	3783271	uc029xoy.1_3utr	+	1	0,	364	364	18
chrY	3782907	3783271	uc012hsd.2_3utr	+	1	0,	364	364	18
chrY	4372155	4381528	uc029xpp.1_3utr	+	2	0,9301,	36,72	108	5
chrY	7167019	7167096	uc012hsn.2_3utr	-	1	0,	77	77	4
chrY	8832248	8832958	uc012hti.1_3utr	-	1	0,	710	710	36
chrY	11197161	11197164	uc012hsi.1_3utr	-	1	0,	3	3	0
chrY	12383864	12383997	uc012hsk.1_3utr	+	1	0,	133	133	7
chrY	12689831	12690067	uc012hsj.1_3utr	+	1	0,	236	236	12
chrY	13254704	13254829	uc029xrz.1_3utr	+	1	0,	125	125	6
chrY	13378675	13378797	uc029xsa.1_3utr	+	1	0,	122	122	6
chrY	15882558	15882561	uc012hsg.1_3utr	-	1	0,	3	3	0
chrY	17095754	17095887	uc029xsc.1_3utr	+	1	0,	133	133	7
chrY	17402482	17402718	uc029xsd.1_3utr	+	1	0,	236	236	12
chrY	17967473	17967598	uc009vfw.1_3utr	+	1	0,	125	125	6
chrY	18091429	21097715	uc009vif.2_3utr	+	4	0,3003901,3004265,3005328,	122,140,187,958	1407	70
chrY	20967481	20967675	uc029xsl.1_3utr	-	1	0,	194	194	10
chrY	21166763	21166898	uc029xsm.1_3utr	+	1	0,	135	135	7
chrY	21243772	21243823	uc029xsn.1_3utr	+	1	0,	51	51	3
chrY	22514540	22514683	uc029xso.1_3utr	+	1	0,	143	143	7
chrY	22835090	22835284	uc029xsq.1_3utr	-	1	0,	194	194	10
chrY	22835090	22835284	uc029xsp.1_3utr	-	1	0,	194	194	10
chrY	23031915	23032050	uc029xsr.1_3utr	+	1	0,	135	135	7
chrY	23944023	23944157	uc029xss.1_3utr	+	1	0,	134	134	7
chrY	24457262	24457396	uc029xsu.1_3utr	+	1	0,	134	134	7
chrY	24970286	24970420	uc029xsw.1_3utr	+	1	0,	134	134	7
chrY	25483381	25483515	uc029xsy.1_3utr	+	1	0,	134	134	7
chrY	25996501	25996635	uc029xta.1_3utr	+	1	0,	134	134	7
chrY	26948224	26948355	uc029xtc.1_3utr	+	1	0,	131	131	7
chrY	27693308	27693439	uc029xtd.1_3utr	+	1	0,	131	131	7
chrY	28245356	28245550	uc029xte.1_3utr	-	1	0,	194	194	10
chrY	29628677	29628691	uc029xtf.1_3utr	-	1	0,	14	14	1
chrY	29628677	29628691	uc029xti.1_3utr	-	1	0,	14	14	1
chrY	30523155	30523759	uc029xub.1_3utr	+	2	0,375,	16,229	245	12
chrY	30682553	30682567	uc029xuf.1_3utr	-	1	0,	14	14	1
chrY	30682553	30682567	uc029xuc.1_3utr	-	1	0,	14	14	1
chrY	31397416	31398018	uc029xuy.1_3utr	+	2	0,375,	16,227	243	12
chrY	31578781	31578795	uc029xvc.1_3utr	-	1	0,	14	14	1
chrY	31578781	31578795	uc029xuz.1_3utr	-	1	0,	14	14	1
chrY	32564268	32564282	uc029xvx.1_3utr	-	1	0,	14	14	1
chrY	32564268	32564282	uc029xvv.1_3utr	-	1	0,	14	14	1
chrY	33487002	33487016	uc029xwr.1_3utr	-	1	0,	14	14	1
chrY	33487002	33487016	uc029xwt.1_3utr	-	1	0,	14	14	1
chrY	35105688	36410762	uc029xxp.1_3utr	-	9	0,581,2719,3569,18537,19205,24607,26101,1304880,	222,99,100,118,35,67,135,56,194	1026	51
chrY	35105688	35105883	uc029xxo.1_3utr	-	1	0,	195	195	10
chrY	35644853	35644984	uc029xxq.1_3utr	+	1	0,	131	131	7
chrY	37233423	37233618	uc029xxr.1_3utr	-	1	0,	195	195	10
chrY	37681823	37682019	uc029xxs.1_3utr	-	1	0,	196	196	10
chrY	37960007	37960142	uc029xxt.1_3utr	+	1	0,	135	135	7
chrY	38774735	38775335	uc029xxu.1_3utr	-	2	0,584,	225,16	241	12
chrY	42533932	42533946	uc029xxw.1_3utr	-	1	0,	14	14	1
chrY	44209121	44209135	uc029xyh.1_3utr	-	1	0,	14	14	1
chrY	44209121	44209135	uc029xyf.1_3utr	-	1	0,	14	14	1
chrY	47507023	47507037	uc029xzz.1_3utr	+	1	0,	14	14	1
chrY	47507023	47507037	uc029xzu.1_3utr	+	1	0,	14	14	1
chrY	47666503	47667105	uc029yab.1_3utr	-	2	0,586,	227,16	243	12
chrY	48367960	48367974	uc029yaz.1_3utr	+	1	0,	14	14	1
chrY	48367960	48367974	uc029yau.1_3utr	+	1	0,	14	14	1
chrY	49317939	49318072	uc029yba.1_3utr	-	1	0,	133	133	7
chrY	49842793	49842929	uc029ybb.1_3utr	-	1	0,	136	136	7
chrY	50435045	50435178	uc029ybc.1_3utr	-	1	0,	133	133	7
chrY	50634263	50634456	uc009vfz.1_3utr	+	1	0,	193	193	10
chrY	50880047	50880178	uc009vhv.1_3utr	-	1	0,	131	131	7
chrY	51680409	51680542	uc029ybd.1_3utr	-	1	0,	133	133	7
chrY	52607506	52607640	uc029ybf.1_3utr	-	1	0,	134	134	7
chrY	52806055	52806249	uc009vgb.1_3utr	+	1	0,	194	194	10
chrY	53341521	53341573	uc029ybg.1_3utr	-	1	0,	52	52	3
chrY	53415956	53416094	uc029ybh.1_3utr	-	1	0,	138	138	7
chrY	53869951	53870145	uc009vhb.1_3utr	+	1	0,	194	194	10
chrY	53869951	53870145	uc009vhc.1_3utr	+	1	0,	194	194	10
chrY	54185856	54185989	uc012hsp.1_3utr	-	1	0,	133	133	7
chrY	55239673	55239866	uc009vha.1_3utr	+	1	0,	193	193	10
chrY	55557520	55557662	uc009vgz.1_3utr	-	1	0,	142	142	7
chrY	55757709	55757903	uc029ybj.1_3utr	+	1	0,	194	194	10
chrY	56018104	56018237	uc029ybk.1_3utr	-	1	0,	133	133	7
chrY	57213164	57213357	uc029ybn.1_3utr	+	1	0,	193	193	10
chrY	57531416	57531558	uc029ybo.1_3utr	-	1	0,	142	142	7
chrY	58598440	58599042	uc029ybp.1_3utr	+	2	0,375,	16,227	243	12
chrY	58758459	58758473	uc029ybs.1_3utr	-	1	0,	14	14	1
chrY	58758459	58758473	uc029ybq.1_3utr	-	1	0,	14	14	1
chrY	60297370	60297384	uc029ydl.1_3utr	+	1	0,	14	14	1
chrY	60297370	60297384	uc029ydg.1_3utr	+	1	0,	14	14	1
chrY	60456885	60457487	uc029ydm.1_3utr	-	2	0,586,	227,16	243	12
chrY	61158344	61158358	uc029yef.1_3utr	+	1	0,	14	14	1
chrY	61158344	61158358	uc029yek.1_3utr	+	1	0,	14	14	1
chrY	61945619	61945752	uc029yel.1_3utr	-	1	0,	133	133	7
chrY	62462510	62462647	uc009vgt.2_3utr	-	1	0,	137	137	7
chrY	63055058	63055191	uc029yem.1_3utr	-	1	0,	133	133	7
chrY	63254450	63254643	uc029yen.1_3utr	+	1	0,	193	193	10
chrY	63500786	63500917	uc029yeo.1_3utr	-	1	0,	131	131	7
chrY	64301780	64301917	uc029yep.1_3utr	-	1	0,	137	137	7
chrY	64301784	64301917	uc029yer.1_3utr	-	1	0,	133	133	7
chrY	64301784	64301917	uc029yeq.1_3utr	-	1	0,	133	133	7
chrY	65205192	65205327	uc009vih.2_3utr	-	1	0,	135	135	7
chrY	65403718	65403912	uc029yes.1_3utr	+	1	0,	194	194	10
chrY	65939227	65939281	uc029yet.1_3utr	-	1	0,	54	54	3
chrY	66739796	66739929	uc029yeu.1_3utr	-	1	0,	133	133	7
chrY	67045742	67045885	uc029yev.1_3utr	-	1	0,	143	143	7
chrY	67339048	67339190	uc029yew.1_3utr	-	1	0,	142	142	7
chrY	68540152	68540286	uc029yey.1_3utr	+	1	0,	134	134	7
chrY	68806600	68806794	uc029yez.1_3utr	-	1	0,	194	194	10
chrY	69353290	69353432	uc029yfa.1_3utr	+	1	0,	142	142	7
chrY	70196719	70196852	uc029yfc.1_3utr	-	1	0,	133	133	7
chrY	70706013	70706148	uc029yfd.1_3utr	-	1	0,	135	135	7
chrY	70984033	70984228	uc029yfe.1_3utr	+	1	0,	195	195	10
chrY	71297835	71297968	uc029yff.1_3utr	-	1	0,	133	133	7
chrY	71495432	71495627	uc029yfg.1_3utr	+	1	0,	195	195	10
chrY	71495432	71495627	uc029yfh.1_3utr	+	1	0,	195	195	10
chrY	71718028	71718221	uc029yfi.1_3utr	+	1	0,	193	193	10
chrY	72382444	72382581	uc029yfk.1_3utr	-	1	0,	137	137	7
chrY	72580864	72581058	uc029yfm.1_3utr	+	1	0,	194	194	10
chrY	72580864	72581058	uc029yfl.1_3utr	+	1	0,	194	194	10
chrY	72819514	72819649	uc029yfn.1_3utr	-	1	0,	135	135	7
chrY	73239169	73239223	uc029yfo.1_3utr	-	1	0,	54	54	3
chrY	73313694	73313831	uc029yfp.1_3utr	-	1	0,	137	137	7
chrY	73535407	73535549	uc029yfq.1_3utr	-	1	0,	142	142	7
chrY	73695287	73695481	uc029yfs.1_3utr	+	1	0,	194	194	10
chrY	73695287	73695481	uc029yfr.1_3utr	+	1	0,	194	194	10
chrY	75221860	75222053	uc009vhe.1_3utr	+	1	0,	193	193	10
chrY	75741349	75741544	uc029yft.1_3utr	+	1	0,	195	195	10
chrY	75741349	75741544	uc029yfu.1_3utr	+	1	0,	195	195	10
chrY	76787530	76787724	uc029yfv.1_3utr	+	1	0,	194	194	10
chrY	77073913	77074047	uc029yfw.1_3utr	-	1	0,	134	134	7
chrY	77960876	77961009	uc029yfy.1_3utr	-	1	0,	133	133	7
chrY	78835720	78835862	uc029yga.1_3utr	-	1	0,	142	142	7
chrY	79148794	79148930	uc029ygb.1_3utr	-	1	0,	136	136	7
chrY	79345508	79345702	uc029ygd.1_3utr	+	1	0,	194	194	10
chrY	79345508	79345702	uc029ygc.1_3utr	+	1	0,	194	194	10
chrY	79664747	79664889	uc029yge.1_3utr	-	1	0,	142	142	7
chrY	79958258	79958400	uc029ygg.1_3utr	-	1	0,	142	142	7
chrY	80463105	80463248	uc029ygh.1_3utr	-	1	0,	143	143	7
chrY	80756211	80756353	uc012hsv.1_3utr	-	1	0,	142	142	7
chrY	81799149	81799286	uc029ygi.1_3utr	-	1	0,	137	137	7
chrY	82251220	82251414	uc029ygk.1_3utr	+	1	0,	194	194	10
chrY	82251220	82251414	uc029ygj.1_3utr	+	1	0,	194	194	10
chrY	83789753	85528662	uc012hsq.2_3utr	-	4	0,62838,137700,1738771,	345,186,458,138	1127	56
chrY	84123295	84123489	uc029ygm.1_3utr	+	1	0,	194	194	10
chrY	87142717	87142912	uc029ygn.1_3utr	+	1	0,	195	195	10
chrY	87575492	87575686	uc009vic.1_3utr	+	1	0,	194	194	10
chrY	88079294	88079489	uc029ygp.1_3utr	+	1	0,	195	195	10
chrY	89700320	89700334	uc029ygr.1_3utr	-	1	0,	14	14	1
chrY	90499054	90499656	uc029ygu.1_3utr	-	2	0,586,	227,16	243	12
chrY	90816436	90816465	uc029yhd.1_3utr	+	1	0,	29	29	1
chrY	90816460	90816465	uc029yhc.1_3utr	+	1	0,	5	5	0
chrY	90816460	90816465	uc029yhe.1_3utr	+	1	0,	5	5	0
